-0.389 0.000 0.000 0.000 -3.120 -1.041
-0.389 0.000 0.000 0.000 -3.120 -1.041
-0.316 -0.009 0.042 -0.005 -3.323 -1.409
-0.316 -0.012 0.057 -0.007 -3.526 -1.777
-0.383 -0.021 0.085 -0.009 -3.344 -0.676
-0.383 -0.021 0.085 -0.009 -3.344 -0.676
-0.326 -0.023 0.087 -0.009 -3.581 0.174
-0.326 -0.026 0.090 -0.009 -4.000 -0.076
-0.315 -0.026 0.091 -0.010 -4.000 0.033
-0.315 -0.026 0.091 -0.010 -4.000 0.033
-0.275 -0.030 0.086 -0.010 -3.770 0.304
-0.275 -0.030 0.086 -0.010 -3.770 0.304
-0.373 -0.029 0.086 -0.010 -3.488 0.490
-0.373 -0.028 0.086 -0.009 -3.437 0.514
-0.359 -0.029 0.085 -0.010 -3.411 0.482
-0.359 -0.029 0.085 -0.010 -3.411 0.482
-0.211 -0.030 0.083 -0.010 -3.352 0.536
-0.211 -0.032 0.081 -0.010 -3.319 0.623
-0.211 -0.032 0.081 -0.010 -3.319 0.623
0.283 -0.032 0.082 -0.009 -3.660 0.507
0.038 -0.045 0.086 -0.011 -3.300 1.483
0.038 -0.057 0.090 -0.012 -2.601 2.574
-0.217 -0.070 0.093 -0.015 -3.062 1.862
-0.217 -0.070 0.093 -0.015 -3.062 1.862
-0.238 -0.073 0.093 -0.016 -3.264 1.008
-0.238 -0.076 0.093 -0.016 -3.004 0.866
-0.238 -0.076 0.093 -0.016 -3.004 0.866
-0.281 -0.079 0.092 -0.017 -2.951 0.873
-0.311 -0.083 0.093 -0.017 -2.859 1.021
-0.311 -0.086 0.094 -0.018 -2.821 1.162
-0.311 -0.086 0.094 -0.018 -2.821 1.162
-0.278 -0.088 0.098 -0.018 -2.790 1.283
0.076 -0.097 0.103 -0.021 -2.832 -0.143
0.076 -0.106 0.107 -0.023 -2.905 -1.690
0.076 -0.106 0.107 -0.023 -2.905 -1.690
0.257 -0.119 0.109 -0.026 -3.194 0.069
0.257 -0.125 0.107 -0.027 -3.482 1.828
-0.093 -0.131 0.104 -0.029 -2.883 2.117
-0.093 -0.131 0.104 -0.029 -2.883 2.117
-0.093 -0.131 0.103 -0.030 -2.283 2.405
-0.229 -0.128 0.102 -0.030 -2.666 1.771
-0.229 -0.128 0.102 -0.030 -2.666 1.771
-0.240 -0.129 0.103 -0.030 -3.095 1.128
-0.277 -0.127 0.106 -0.029 -3.047 0.874
-0.277 -0.127 0.106 -0.029 -3.047 0.874
-0.277 -0.129 0.107 -0.030 -2.954 0.628
-0.286 -0.126 0.107 -0.028 -3.121 0.648
-0.247 -0.122 0.105 -0.027 -3.103 0.528
-0.247 -0.122 0.105 -0.027 -3.103 0.528
-0.247 -0.119 0.103 -0.026 -2.918 0.389
-0.260 -0.112 0.098 -0.028 -3.383 0.130
-0.260 -0.112 0.098 -0.028 -3.383 0.130
-0.260 -0.108 0.093 -0.030 -3.848 -0.128
-0.288 -0.103 0.083 -0.030 -3.924 0.172
-0.284 -0.103 0.079 -0.029 -3.914 0.631
-0.284 -0.103 0.079 -0.029 -3.914 0.631
-0.283 -0.101 0.074 -0.028 -3.702 0.634
-0.283 -0.099 0.074 -0.029 -3.575 0.480
-0.265 -0.096 0.077 -0.029 -3.548 0.514
-0.265 -0.096 0.077 -0.029 -3.548 0.514
-0.237 -0.094 0.082 -0.030 -3.490 0.388
-0.237 -0.092 0.087 -0.030 -3.458 0.229
-0.216 -0.090 0.089 -0.032 -3.388 0.161
-0.216 -0.090 0.089 -0.032 -3.388 0.161
-0.216 -0.089 0.090 -0.034 -3.319 0.093
-0.191 -0.090 0.091 -0.037 -3.195 0.116
-0.191 -0.090 0.091 -0.037 -3.195 0.116
-0.237 -0.090 0.092 -0.037 -3.259 0.295
-0.237 -0.090 0.094 -0.037 -3.446 0.452
-0.199 -0.086 0.096 -0.037 -3.420 0.375
-0.199 -0.086 0.096 -0.037 -3.420 0.375
-0.236 -0.085 0.097 -0.038 -3.555 0.491
-0.145 -0.082 0.095 -0.037 -3.355 0.432
-0.268 -0.080 0.094 -0.036 -3.487 0.899
-0.300 -0.079 0.096 -0.035 -3.404 0.840
-0.293 -0.080 0.090 -0.036 -3.139 0.749
-0.293 -0.081 0.084 -0.036 -2.957 0.718
-0.293 -0.081 0.084 -0.036 -2.957 0.718
-0.285 -0.082 0.080 -0.035 -3.040 0.820
-0.303 -0.085 0.075 -0.036 -3.437 0.729
-0.303 -0.085 0.075 -0.036 -3.437 0.729
-0.303 -0.088 0.070 -0.037 -3.751 0.535
-0.274 -0.084 0.060 -0.041 -3.745 -0.244
-0.274 -0.084 0.060 -0.041 -3.745 -0.244
-0.299 -0.078 0.048 -0.046 -3.646 -0.633
-0.299 -0.072 0.035 -0.050 -3.554 -0.244
-0.312 -0.067 0.022 -0.056 -3.411 0.235
-0.334 -0.062 0.006 -0.059 -3.218 0.555
-0.334 -0.062 0.006 -0.059 -3.218 0.555
-0.334 -0.057 -0.009 -0.062 -3.167 0.396
-0.323 -0.054 -0.015 -0.063 -2.811 0.554
-0.323 -0.054 -0.015 -0.063 -2.811 0.554
-0.323 -0.055 -0.014 -0.065 -2.455 0.711
-0.305 -0.054 -0.013 -0.068 -2.481 0.713
-0.316 -0.052 -0.023 -0.072 -2.550 0.698
-0.316 -0.052 -0.023 -0.072 -2.550 0.698
-0.316 -0.050 -0.033 -0.075 -2.593 0.681
-0.324 -0.045 -0.046 -0.079 -2.502 0.436
-0.302 -0.043 -0.050 -0.080 -2.490 0.216
-0.302 -0.043 -0.050 -0.080 -2.490 0.216
-0.302 -0.041 -0.055 -0.082 -2.569 0.241
-0.317 -0.042 -0.055 -0.081 -2.641 0.442
-0.317 -0.042 -0.055 -0.081 -2.641 0.442
-0.353 -0.045 -0.054 -0.081 -2.837 0.446
-0.353 -0.048 -0.054 -0.081 -2.962 0.250
-0.353 -0.048 -0.054 -0.081 -2.962 0.250
-0.334 -0.059 -0.055 -0.082 -2.696 0.045
-0.327 -0.072 -0.053 -0.083 -2.596 -0.084
-0.327 -0.085 -0.052 -0.084 -2.763 -0.009
-0.327 -0.085 -0.052 -0.084 -2.763 -0.009
-0.355 -0.093 -0.054 -0.086 -2.722 0.156
-0.378 -0.101 -0.061 -0.089 -2.326 0.865
-0.378 -0.101 -0.061 -0.089 -2.326 0.865
-0.378 -0.109 -0.069 -0.091 -1.971 1.411
-0.320 -0.117 -0.071 -0.091 -2.097 1.291
-0.292 -0.120 -0.075 -0.091 -2.066 1.111
-0.292 -0.123 -0.078 -0.091 -1.910 1.051
-0.292 -0.123 -0.078 -0.091 -1.910 1.051
-0.301 -0.125 -0.080 -0.089 -2.203 0.980
-0.335 -0.128 -0.077 -0.084 -2.473 1.112
-0.335 -0.130 -0.073 -0.080 -2.451 1.316
-0.353 -0.134 -0.067 -0.077 -2.077 1.311
-0.353 -0.134 -0.067 -0.077 -2.077 1.311
-0.353 -0.135 -0.064 -0.077 -1.703 1.306
-0.353 -0.135 -0.064 -0.077 -1.703 1.306
-0.315 -0.140 -0.061 -0.075 -1.461 1.104
-0.334 -0.140 -0.060 -0.074 -1.413 1.014
-0.334 -0.140 -0.060 -0.073 -1.606 1.126
-0.334 -0.140 -0.059 -0.072 -1.519 1.134
-0.334 -0.140 -0.059 -0.072 -1.519 1.134
-0.365 -0.142 -0.056 -0.071 -1.813 1.137
-0.365 -0.145 -0.053 -0.069 -2.193 1.132
-0.365 -0.145 -0.053 -0.069 -2.193 1.132
-0.342 -0.141 -0.049 -0.068 -2.594 0.995
-0.337 -0.137 -0.041 -0.065 -3.423 0.423
-0.337 -0.134 -0.033 -0.061 -3.853 -0.013
-0.359 -0.135 -0.020 -0.055 -3.926 -0.201
-0.359 -0.135 -0.020 -0.055 -3.926 -0.201
-0.359 -0.135 -0.013 -0.050 -4.000 -0.389
-0.370 -0.137 0.002 -0.043 -3.921 -0.576
-0.370 -0.137 0.002 -0.043 -3.921 -0.576
-0.311 -0.136 0.014 -0.039 -3.734 -1.000
-0.311 -0.135 0.027 -0.036 -3.627 -1.238
-0.356 -0.127 0.042 -0.033 -3.636 -1.043
-0.356 -0.127 0.042 -0.033 -3.636 -1.043
-0.280 -0.121 0.059 -0.030 -3.594 -0.955
-0.280 -0.114 0.075 -0.027 -3.543 -1.062
-0.335 -0.105 0.084 -0.023 -3.572 -1.014
-0.335 -0.105 0.084 -0.023 -3.572 -1.014
-0.335 -0.096 0.085 -0.020 -3.601 -0.967
-0.307 -0.083 0.083 -0.017 -3.771 -1.284
-0.307 -0.083 0.083 -0.017 -3.771 -1.284
-0.337 -0.073 0.084 -0.016 -3.763 -1.806
-0.337 -0.063 0.085 -0.015 -3.585 -2.010
-0.372 -0.061 0.088 -0.015 -3.430 -1.894
-0.389 -0.063 0.088 -0.016 -3.368 -1.671
-0.389 -0.063 0.088 -0.016 -3.368 -1.671
-0.389 -0.066 0.088 -0.017 -3.461 -1.564
-0.389 -0.066 0.088 -0.017 -3.461 -1.564
-0.363 -0.061 0.089 -0.018 -3.531 -1.579
-0.346 -0.057 0.089 -0.017 -3.525 -1.451
-0.346 -0.053 0.088 -0.017 -3.449 -1.308
-0.333 -0.053 0.088 -0.017 -3.546 -1.213
-0.333 -0.053 0.088 -0.017 -3.546 -1.213
-0.393 -0.053 0.086 -0.017 -3.540 -0.815
-0.393 -0.052 0.084 -0.017 -3.438 -0.511
-0.393 -0.052 0.084 -0.017 -3.438 -0.511
-0.365 -0.052 0.083 -0.018 -3.643 -0.299
-0.284 -0.053 0.082 -0.020 -3.456 -0.423
-0.284 -0.053 0.081 -0.021 -3.064 -0.759
-0.284 -0.053 0.081 -0.021 -3.064 -0.759
-0.245 -0.056 0.080 -0.022 -3.374 -0.867
-0.270 -0.059 0.079 -0.023 -3.362 -1.343
-0.270 -0.059 0.079 -0.023 -3.362 -1.343
-0.270 -0.062 0.079 -0.023 -3.039 -1.711
-0.268 -0.062 0.079 -0.024 -3.054 -1.609
-0.268 -0.063 0.079 -0.024 -3.068 -1.507
-0.266 -0.067 0.077 -0.025 -3.151 -1.773
-0.266 -0.067 0.077 -0.025 -3.151 -1.773
-0.290 -0.068 0.074 -0.024 -3.120 -1.923
-0.290 -0.068 0.072 -0.023 -3.006 -1.808
-0.271 -0.067 0.070 -0.022 -3.000 -1.607
-0.271 -0.067 0.070 -0.022 -3.000 -1.607
-0.237 -0.066 0.071 -0.024 -3.060 -1.336
-0.237 -0.065 0.072 -0.026 -3.126 -1.267
-0.237 -0.065 0.072 -0.026 -3.126 -1.267
-0.173 -0.070 0.072 -0.030 -3.255 -0.767
-0.078 -0.088 0.069 -0.031 -2.912 -0.570
-0.078 -0.106 0.065 -0.033 -2.440 -0.872
-0.078 -0.106 0.065 -0.033 -2.440 -0.872
-0.061 -0.127 0.064 -0.032 -2.320 -1.000
-0.061 -0.136 0.065 -0.033 -2.199 -1.129
0.007 -0.146 0.067 -0.033 -2.582 -0.819
-0.033 -0.153 0.067 -0.032 -2.738 -0.191
-0.033 -0.153 0.067 -0.032 -2.738 -0.191
-0.033 -0.160 0.067 -0.032 -2.512 0.127
-0.127 -0.168 0.064 -0.029 -2.830 0.058
-0.212 -0.170 0.060 -0.026 -2.801 -0.221
-0.212 -0.170 0.060 -0.026 -2.801 -0.221
-0.212 -0.171 0.056 -0.023 -2.455 -0.430
-0.232 -0.171 0.053 -0.018 -2.238 -0.365
-0.261 -0.167 0.050 -0.011 -1.819 -0.448
-0.261 -0.167 0.050 -0.011 -1.819 -0.448
-0.261 -0.163 0.048 -0.004 -1.617 -0.596
-0.260 -0.162 0.043 -0.000 -1.923 -0.788
-0.260 -0.164 0.040 0.001 -2.230 -0.980
-0.260 -0.164 0.040 0.001 -2.230 -0.980
-0.274 -0.165 0.037 0.004 -2.346 -0.980
-0.276 -0.165 0.036 0.006 -2.234 -1.083
-0.276 -0.165 0.036 0.006 -2.234 -1.083
-0.297 -0.164 0.032 0.010 -2.190 -1.113
-0.297 -0.165 0.029 0.014 -2.374 -1.039
-0.349 -0.162 0.024 0.017 -2.672 -0.910
-0.349 -0.162 0.024 0.017 -2.672 -0.910
-0.303 -0.160 0.019 0.019 -2.646 -0.844
-0.303 -0.158 0.014 0.021 -2.322 -0.907
-0.303 -0.158 0.014 0.021 -2.322 -0.907
-0.305 -0.158 0.014 0.022 -2.249 -0.788
-0.305 -0.159 0.017 0.022 -2.177 -0.669
-0.313 -0.159 0.016 0.022 -2.187 -0.571
-0.313 -0.159 0.016 0.022 -2.187 -0.571
-0.324 -0.152 0.012 0.024 -2.258 -0.514
-0.324 -0.145 0.007 0.026 -2.319 -0.555
-0.332 -0.137 0.002 0.026 -2.315 -0.755
-0.332 -0.137 0.002 0.026 -2.315 -0.755
-0.340 -0.131 -0.007 0.025 -2.332 -1.160
-0.340 -0.125 -0.016 0.025 -2.352 -1.365
-0.307 -0.120 -0.024 0.026 -2.095 -1.035
-0.307 -0.120 -0.024 0.026 -2.095 -1.035
-0.336 -0.115 -0.031 0.024 -2.364 -1.125
-0.336 -0.110 -0.037 0.021 -2.890 -1.546
-0.336 -0.110 -0.037 0.021 -2.890 -1.546
-0.368 -0.111 -0.042 0.018 -2.333 -1.003
-0.361 -0.116 -0.047 0.014 -2.113 -0.546
-0.361 -0.120 -0.053 0.011 -2.451 -0.633
-0.361 -0.120 -0.053 0.011 -2.451 -0.633
-0.386 -0.125 -0.060 0.007 -2.229 -0.850
-0.353 -0.130 -0.070 0.003 -1.921 -1.293
-0.353 -0.130 -0.070 0.003 -1.921 -1.293
-0.353 -0.136 -0.079 -0.002 -1.836 -1.517
-0.385 -0.135 -0.087 -0.006 -1.873 -1.262
-0.385 -0.135 -0.087 -0.006 -1.873 -1.262
-0.377 -0.136 -0.093 -0.005 -2.459 -0.548
-0.377 -0.136 -0.099 -0.004 -3.009 -0.089
-0.373 -0.141 -0.102 -0.005 -2.629 0.035
-0.373 -0.141 -0.102 -0.005 -2.629 0.035
-0.389 -0.144 -0.101 -0.008 -2.524 0.292
-0.389 -0.147 -0.100 -0.012 -2.798 0.424
-0.361 -0.151 -0.099 -0.012 -2.742 0.676
-0.361 -0.151 -0.099 -0.012 -2.742 0.676
-0.361 -0.157 -0.097 -0.013 -2.686 0.928
-0.308 -0.162 -0.091 -0.014 -2.270 0.376
0.270 -0.162 -0.087 -0.016 -2.927 -0.632
0.270 -0.162 -0.087 -0.016 -2.927 -0.632
0.270 -0.161 -0.083 -0.018 -4.000 -1.089
0.231 -0.161 -0.077 -0.020 -4.000 -0.350
-0.321 -0.158 -0.070 -0.022 -3.112 0.622
-0.321 -0.158 -0.070 -0.022 -3.112 0.622
-0.321 -0.155 -0.063 -0.024 -2.224 0.855
-0.380 -0.155 -0.059 -0.026 -1.854 0.985
-0.380 -0.155 -0.059 -0.026 -1.854 0.985
-0.402 -0.155 -0.052 -0.028 -1.840 0.988
-0.402 -0.155 -0.045 -0.029 -2.197 0.862
-0.403 -0.144 -0.038 -0.030 -2.257 0.568
-0.403 -0.144 -0.038 -0.030 -2.257 0.568
-0.403 -0.136 -0.036 -0.030 -2.318 0.275
-0.421 -0.129 -0.029 -0.032 -2.641 0.077
-0.423 -0.131 -0.021 -0.034 -2.925 -0.200
-0.423 -0.131 -0.021 -0.034 -2.925 -0.200
-0.423 -0.134 -0.013 -0.036 -2.886 -0.280
-0.437 -0.135 -0.008 -0.036 -2.980 -0.143
-0.382 -0.137 -0.006 -0.036 -3.415 0.002
-0.382 -0.137 -0.006 -0.036 -3.415 0.002
-0.382 -0.139 -0.004 -0.036 -3.756 0.010
-0.383 -0.142 -0.003 -0.037 -3.377 0.149
-0.345 -0.146 -0.001 -0.038 -3.329 0.271
-0.345 -0.149 0.001 -0.038 -3.660 0.255
-0.345 -0.149 0.001 -0.038 -3.660 0.255
-0.305 -0.149 0.003 -0.038 -3.798 0.121
-0.305 -0.146 0.005 -0.038 -3.936 -0.014
-0.305 -0.146 0.005 -0.038 -3.936 -0.014
-0.345 -0.144 0.008 -0.038 -3.597 -0.135
-0.351 -0.146 0.010 -0.039 -3.629 -0.298
-0.351 -0.147 0.013 -0.040 -4.000 -0.338
-0.343 -0.150 0.016 -0.041 -3.489 -0.008
-0.343 -0.150 0.016 -0.041 -3.489 -0.008
-0.326 -0.149 0.018 -0.042 -3.086 0.433
-0.326 -0.148 0.020 -0.043 -3.193 0.543
-0.310 -0.145 0.020 -0.042 -3.132 0.068
-0.310 -0.145 0.020 -0.042 -3.132 0.068
-0.310 -0.146 0.020 -0.042 -3.070 -0.407
-0.280 -0.141 0.021 -0.037 -2.983 -0.312
-0.280 -0.141 0.021 -0.037 -2.983 -0.312
-0.277 -0.121 0.022 -0.031 -2.873 -0.203
-0.277 -0.101 0.024 -0.024 -2.850 -0.187
-0.310 -0.095 0.026 -0.018 -2.925 -0.234
-0.313 -0.108 0.028 -0.015 -3.088 -0.093
-0.313 -0.121 0.030 -0.012 -3.174 0.094
-0.313 -0.121 0.030 -0.012 -3.174 0.094
-0.294 -0.129 0.031 -0.013 -3.153 -0.153
-0.294 -0.129 0.031 -0.013 -3.153 -0.153
-0.294 -0.131 0.030 -0.014 -3.131 -0.400
-0.293 -0.134 0.029 -0.013 -3.116 -0.351
-0.272 -0.133 0.030 -0.014 -3.101 -0.152
-0.272 -0.133 0.031 -0.014 -3.102 -0.001
-0.272 -0.133 0.031 -0.014 -3.102 -0.001
-0.294 -0.128 0.032 -0.015 -2.954 -0.506
-0.297 -0.124 0.031 -0.014 -2.742 -0.797
-0.297 -0.120 0.030 -0.014 -2.678 -0.584
-0.297 -0.120 0.030 -0.014 -2.678 -0.584
-0.323 -0.124 0.026 -0.013 -2.055 -0.594
-0.319 -0.129 0.021 -0.011 -1.877 -0.504
-0.319 -0.133 0.017 -0.009 -2.321 -0.405
-0.319 -0.133 0.017 -0.009 -2.321 -0.405
-0.321 -0.133 0.019 -0.008 -2.240 -0.275
-0.321 -0.133 0.021 -0.006 -2.159 -0.146
-0.326 -0.131 0.024 -0.006 -2.338 -0.102
-0.326 -0.131 0.024 -0.006 -2.338 -0.102
-0.289 -0.131 0.021 -0.006 -2.226 -0.130
-0.289 -0.130 0.018 -0.006 -1.934 -0.200
-0.290 -0.132 0.017 -0.007 -1.695 -0.103
-0.290 -0.132 0.017 -0.007 -1.695 -0.103
-0.290 -0.133 0.019 -0.008 -1.456 -0.006
-0.257 -0.136 0.020 -0.010 -1.735 0.154
-0.257 -0.136 0.020 -0.010 -1.735 0.154
-0.195 -0.133 0.020 -0.009 -1.669 0.145
-0.195 -0.131 0.020 -0.009 -1.324 -0.025
-0.201 -0.128 0.023 -0.008 -1.549 0.094
-0.201 -0.128 0.023 -0.008 -1.549 0.094
-0.202 -0.131 0.024 -0.008 -1.602 0.179
-0.202 -0.135 0.024 -0.008 -1.430 0.146
-0.174 -0.137 0.024 -0.008 -1.834 0.047
-0.174 -0.137 0.024 -0.008 -1.834 0.047
-0.169 -0.137 0.024 -0.008 -1.900 0.012
-0.169 -0.137 0.023 -0.008 -1.563 0.075
-0.169 -0.137 0.023 -0.008 -1.563 0.075
-0.193 -0.137 0.025 -0.008 -1.861 -0.013
-0.192 -0.137 0.024 -0.009 -2.022 -0.148
-0.192 -0.137 0.024 -0.009 -2.022 -0.148
-0.192 -0.137 0.024 -0.010 -1.885 -0.195
-0.234 -0.138 0.022 -0.011 -1.642 -0.383
-0.234 -0.138 0.022 -0.011 -1.642 -0.383
-0.423 -0.133 0.024 -0.009 -1.746 -0.594
-0.423 -0.128 0.025 -0.007 -2.091 -0.617
-0.440 -0.114 0.024 -0.004 -2.329 -0.577
-0.474 -0.101 0.023 -0.002 -2.274 -0.793
-0.474 -0.101 0.023 -0.002 -2.274 -0.793
-0.474 -0.088 0.022 0.001 -1.982 -1.050
-0.527 -0.084 0.025 0.002 -2.171 -0.930
-0.527 -0.084 0.025 0.002 -2.171 -0.930
-0.527 -0.085 0.027 0.002 -2.359 -0.809
-0.521 -0.089 0.029 0.002 -2.983 -0.437
-0.394 -0.099 0.033 0.002 -3.361 0.002
-0.394 -0.099 0.033 0.002 -3.361 0.002
-0.394 -0.110 0.037 0.002 -3.114 0.069
-0.330 -0.117 0.040 0.002 -2.833 -0.547
-0.294 -0.118 0.040 0.001 -3.110 -0.703
-0.294 -0.120 0.041 0.001 -3.669 -0.243
-0.294 -0.120 0.041 0.001 -3.669 -0.243
-0.235 -0.123 0.044 0.001 -3.503 0.067
-0.235 -0.124 0.045 0.001 -3.338 0.378
-0.235 -0.124 0.045 0.001 -3.338 0.378
-0.154 -0.125 0.048 0.002 -2.764 0.453
-0.071 -0.130 0.049 0.002 -2.331 0.047
-0.071 -0.135 0.051 0.002 -2.472 -0.434
-0.071 -0.135 0.051 0.002 -2.472 -0.434
-0.078 -0.143 0.052 0.000 -2.592 -0.702
-0.078 -0.143 0.052 0.000 -2.592 -0.702
0.287 -0.149 0.051 0.002 -2.139 -2.095
0.287 -0.149 0.051 0.002 -2.139 -2.095
-0.011 -0.149 0.051 0.004 -1.699 -2.622
-0.011 -0.149 0.051 0.004 -1.699 -2.622
-0.112 -0.148 0.051 0.004 -2.386 -2.279
-0.112 -0.148 0.053 0.003 -3.073 -1.935
-0.144 -0.146 0.052 0.002 -2.790 -1.129
-0.144 -0.146 0.052 0.002 -2.790 -1.129
-0.212 -0.139 0.051 0.005 -2.282 -0.419
-0.212 -0.132 0.050 0.007 -2.058 -0.515
-0.373 -0.124 0.050 0.012 -2.200 -1.081
-0.373 -0.124 0.050 0.012 -2.200 -1.081
-0.416 -0.117 0.051 0.017 -2.743 -1.358
-0.416 -0.111 0.051 0.022 -3.144 -1.068
-0.429 -0.110 0.053 0.025 -2.775 -1.236
-0.429 -0.110 0.053 0.025 -2.775 -1.236
-0.453 -0.110 0.054 0.027 -2.403 -1.389
-0.453 -0.109 0.055 0.029 -2.401 -1.374
-0.447 -0.108 0.057 0.030 -2.562 -1.338
-0.447 -0.108 0.057 0.030 -2.562 -1.338
-0.447 -0.108 0.058 0.031 -2.723 -1.303
-0.471 -0.108 0.061 0.032 -2.786 -1.216
-0.471 -0.108 0.061 0.032 -2.786 -1.216
-0.440 -0.110 0.062 0.033 -3.011 -1.021
-0.440 -0.112 0.064 0.033 -3.173 -0.912
-0.318 -0.116 0.064 0.031 -2.753 -0.995
-0.134 -0.126 0.062 0.028 -2.437 -0.597
-0.134 -0.126 0.062 0.028 -2.437 -0.597
-0.134 -0.137 0.060 0.025 -2.541 -0.115
0.053 -0.153 0.056 0.025 -2.068 -0.615
0.053 -0.153 0.056 0.025 -2.068 -0.615
0.146 -0.161 0.056 0.024 -2.117 -1.491
0.146 -0.169 0.056 0.022 -2.640 -1.867
0.146 -0.169 0.056 0.022 -2.640 -1.867
0.191 -0.170 0.056 0.020 -3.000 -1.820
0.187 -0.169 0.054 0.018 -3.218 -1.686
0.187 -0.167 0.053 0.015 -3.076 -1.600
0.187 -0.167 0.053 0.015 -3.076 -1.600
0.126 -0.167 0.049 0.010 -2.737 -1.822
0.243 -0.165 0.039 0.006 -3.199 -2.798
0.243 -0.163 0.029 0.001 -4.000 -3.552
0.243 -0.163 0.029 0.001 -4.000 -3.552
0.265 -0.157 0.019 -0.006 -4.000 -1.259
-0.162 -0.151 0.007 -0.016 -3.372 1.194
-0.162 -0.151 0.007 -0.016 -3.372 1.194
-0.162 -0.146 -0.005 -0.027 -2.745 1.355
-0.259 -0.142 -0.018 -0.038 -2.698 0.966
-0.259 -0.139 -0.021 -0.045 -2.651 0.578
-0.343 -0.139 -0.022 -0.057 -2.799 0.948
-0.343 -0.139 -0.022 -0.057 -2.799 0.948
-0.379 -0.138 -0.021 -0.066 -3.287 1.013
-0.379 -0.138 -0.020 -0.076 -3.629 0.708
-0.376 -0.135 -0.023 -0.084 -3.568 0.686
-0.376 -0.135 -0.023 -0.084 -3.568 0.686
-0.260 -0.136 -0.025 -0.090 -3.177 0.427
-0.260 -0.136 -0.027 -0.096 -2.846 0.190
0.332 -0.137 -0.025 -0.097 -3.423 0.252
0.332 -0.137 -0.025 -0.097 -3.423 0.252
0.332 -0.137 -0.023 -0.097 -4.000 0.315
0.033 -0.135 -0.021 -0.097 -3.441 0.750
-0.295 -0.136 -0.020 -0.099 -3.097 0.991
-0.295 -0.136 -0.020 -0.099 -3.097 0.991
-0.295 -0.136 -0.020 -0.101 -3.312 0.798
-0.304 -0.138 -0.018 -0.102 -3.118 0.595
-0.290 -0.141 -0.016 -0.101 -3.040 0.379
-0.290 -0.141 -0.016 -0.101 -3.040 0.379
-0.290 -0.144 -0.014 -0.101 -3.156 0.365
-0.311 -0.143 -0.011 -0.101 -2.818 0.535
-0.325 -0.142 -0.011 -0.102 -2.380 0.636
-0.325 -0.142 -0.011 -0.102 -2.380 0.636
-0.325 -0.140 -0.011 -0.102 -2.280 0.568
-0.305 -0.138 -0.012 -0.103 -2.195 0.457
-0.305 -0.138 -0.012 -0.103 -2.195 0.457
-0.305 -0.136 -0.012 -0.103 -2.110 0.347
-0.321 -0.133 -0.010 -0.102 -2.351 0.516
-0.343 -0.133 -0.008 -0.100 -2.660 0.554
-0.343 -0.132 -0.006 -0.098 -2.727 0.425
-0.343 -0.132 -0.006 -0.098 -2.727 0.425
-0.359 -0.133 -0.006 -0.098 -2.709 0.701
-0.355 -0.136 -0.006 -0.097 -2.625 0.939
-0.355 -0.138 -0.006 -0.096 -2.559 0.902
-0.355 -0.138 -0.006 -0.096 -2.559 0.902
-0.333 -0.138 -0.008 -0.096 -2.373 0.704
-0.333 -0.138 -0.010 -0.097 -2.188 0.507
-0.373 -0.137 -0.011 -0.098 -2.460 0.679
-0.373 -0.137 -0.011 -0.098 -2.460 0.679
-0.356 -0.134 -0.009 -0.098 -2.546 0.715
-0.356 -0.132 -0.008 -0.097 -2.361 0.578
0.308 -0.137 -0.009 -0.095 -3.180 -0.325
0.308 -0.142 -0.010 -0.095 -4.000 -1.229
0.308 -0.142 -0.010 -0.095 -4.000 -1.229
0.333 -0.152 -0.010 -0.092 -4.000 -0.711
0.021 -0.148 -0.007 -0.086 -3.244 0.152
0.021 -0.148 -0.007 -0.086 -3.244 0.152
0.021 -0.145 -0.004 -0.081 -2.488 0.498
0.021 -0.145 -0.004 -0.081 -2.488 0.498
-0.273 -0.139 0.000 -0.071 -2.324 0.365
-0.283 -0.140 0.008 -0.063 -2.412 0.229
-0.283 -0.142 0.015 -0.056 -2.663 0.226
-0.283 -0.142 0.015 -0.056 -2.663 0.226
-0.242 -0.141 0.022 -0.051 -2.425 -0.330
0.253 -0.145 0.024 -0.044 -3.093 0.378
0.253 -0.145 0.024 -0.044 -3.093 0.378
0.083 -0.148 0.034 -0.034 -3.661 0.870
0.083 -0.151 0.042 -0.026 -3.322 0.098
-0.229 -0.149 0.053 -0.018 -3.659 0.013
-0.229 -0.149 0.053 -0.018 -3.659 0.013
-0.229 -0.147 0.057 -0.014 -3.997 -0.073
-0.285 -0.149 0.066 -0.010 -3.241 -0.266
-0.240 -0.144 0.079 -0.007 -2.737 -0.852
-0.240 -0.144 0.079 -0.007 -2.737 -0.852
-0.240 -0.138 0.093 -0.005 -2.988 -1.245
-0.294 -0.132 0.101 -0.003 -2.492 -1.029
-0.294 -0.132 0.101 -0.003 -2.492 -1.029
-0.267 -0.135 0.104 -0.001 -2.097 -0.039
-0.267 -0.139 0.106 0.001 -2.198 0.736
-0.280 -0.142 0.111 0.001 -2.070 0.545
-0.280 -0.142 0.111 0.001 -2.070 0.545
-0.320 -0.144 0.119 -0.001 -2.171 -0.170
-0.320 -0.146 0.128 -0.003 -2.400 -0.694
-0.308 -0.143 0.135 -0.003 -2.530 -0.605
-0.308 -0.143 0.135 -0.003 -2.530 -0.605
-0.308 -0.142 0.136 -0.003 -2.661 -0.517
-0.294 -0.144 0.136 -0.003 -2.343 -0.816
-0.307 -0.147 0.134 -0.005 -2.256 -1.453
-0.307 -0.147 0.134 -0.005 -2.256 -1.453
-0.307 -0.149 0.131 -0.007 -2.487 -1.792
-0.245 -0.147 0.126 -0.007 -2.230 -1.682
-0.245 -0.147 0.126 -0.007 -2.230 -1.682
0.244 -0.149 0.116 -0.007 -2.986 -0.261
0.244 -0.151 0.107 -0.006 -4.000 1.050
0.244 -0.151 0.107 -0.006 -4.000 1.050
0.169 -0.153 0.099 -0.006 -3.311 0.764
-0.176 -0.148 0.101 -0.008 -2.635 -0.444
-0.176 -0.143 0.102 -0.010 -2.647 -1.365
-0.176 -0.143 0.102 -0.010 -2.647 -1.365
-0.262 -0.139 0.103 -0.011 -2.571 -1.471
-0.253 -0.141 0.102 -0.010 -2.499 -1.356
-0.253 -0.143 0.101 -0.009 -2.503 -1.135
-0.253 -0.143 0.101 -0.009 -2.503 -1.135
-0.233 -0.144 0.102 -0.010 -2.311 -1.162
0.087 -0.146 0.101 -0.010 -2.752 -1.357
0.087 -0.146 0.101 -0.010 -2.752 -1.357
0.087 -0.149 0.099 -0.011 -3.386 -1.525
0.191 -0.153 0.098 -0.008 -3.356 0.503
-0.150 -0.150 0.094 -0.003 -2.899 1.201
-0.150 -0.150 0.094 -0.003 -2.899 1.201
-0.150 -0.146 0.090 0.002 -2.470 -0.130
-0.236 -0.139 0.086 0.006 -2.526 -0.508
-0.236 -0.138 0.084 0.009 -2.582 -0.886
-0.236 -0.138 0.084 0.009 -2.582 -0.886
-0.296 -0.139 0.078 0.013 -2.733 -0.895
-0.307 -0.142 0.071 0.017 -2.685 -1.039
-0.307 -0.144 0.064 0.021 -2.486 -1.174
-0.307 -0.144 0.064 0.021 -2.486 -1.174
-0.333 -0.142 0.053 0.024 -2.468 -1.299
-0.393 -0.139 0.048 0.024 -2.678 -1.343
-0.393 -0.136 0.043 0.024 -2.906 -1.261
-0.355 -0.133 0.037 0.025 -2.473 -1.083
-0.351 -0.131 0.023 0.024 -2.541 -1.122
-0.351 -0.131 0.023 0.024 -2.541 -1.122
-0.351 -0.129 0.008 0.023 -3.041 -1.340
-0.293 -0.124 0.003 0.021 -3.127 -1.084
-0.293 -0.124 0.003 0.021 -3.127 -1.084
-0.293 -0.119 0.004 0.022 -3.212 -0.828
-0.328 -0.114 0.001 0.021 -3.240 -0.557
-0.328 -0.114 0.001 0.021 -3.240 -0.557
-0.311 -0.115 -0.010 0.016 -2.927 0.055
-0.311 -0.116 -0.021 0.011 -2.586 0.396
-0.311 -0.116 -0.021 0.011 -2.586 0.396
-0.345 -0.114 -0.030 0.007 -3.200 -0.222
-0.371 -0.111 -0.034 0.004 -3.515 -0.825
-0.389 -0.102 -0.035 0.003 -3.196 -0.703
-0.389 -0.102 -0.035 0.003 -3.196 -0.703
-0.389 -0.097 -0.032 0.001 -3.175 -0.595
-0.370 -0.089 -0.031 0.003 -3.262 -0.709
-0.370 -0.086 -0.034 0.004 -3.349 -0.823
-0.370 -0.086 -0.034 0.004 -3.349 -0.823
-0.380 -0.081 -0.035 0.006 -3.474 -0.854
-0.405 -0.079 -0.032 0.009 -3.422 -0.701
-0.405 -0.077 -0.030 0.012 -3.245 -0.518
-0.405 -0.077 -0.030 0.012 -3.245 -0.518
-0.402 -0.072 -0.027 0.015 -3.166 -0.628
-0.402 -0.072 -0.027 0.015 -3.166 -0.628
-0.370 -0.065 -0.025 0.019 -3.247 -0.766
-0.370 -0.057 -0.022 0.022 -3.406 -0.794
-0.398 -0.055 -0.022 0.026 -3.472 -0.766
-0.398 -0.055 -0.022 0.026 -3.472 -0.766
-0.433 -0.052 -0.023 0.030 -3.398 -0.999
-0.433 -0.048 -0.024 0.034 -3.259 -1.260
-0.433 -0.048 -0.024 0.034 -3.259 -1.260
-0.415 -0.047 -0.025 0.035 -3.101 -0.989
-0.369 -0.050 -0.024 0.035 -2.443 -0.560
-0.369 -0.050 -0.024 0.035 -2.443 -0.560
-0.363 -0.054 -0.023 0.036 -2.117 -0.151
-0.363 -0.053 -0.019 0.038 -2.292 0.099
-0.310 -0.054 -0.014 0.040 -2.445 0.158
-0.310 -0.054 -0.014 0.040 -2.445 0.158
-0.310 -0.055 -0.009 0.039 -2.598 0.216
-0.313 -0.064 0.000 0.042 -2.688 -0.031
-0.327 -0.067 0.011 0.044 -2.919 -0.552
-0.327 -0.070 0.022 0.046 -3.059 -0.825
-0.327 -0.070 0.022 0.046 -3.059 -0.825
-0.313 -0.063 0.037 0.043 -2.897 -1.166
-0.313 -0.063 0.045 0.041 -2.734 -1.507
-0.279 -0.062 0.061 0.037 -2.311 -1.641
-0.279 -0.062 0.061 0.037 -2.311 -1.641
-0.252 -0.069 0.071 0.032 -2.413 -1.844
-0.252 -0.075 0.081 0.026 -2.938 -1.914
-0.203 -0.086 0.087 0.023 -2.371 -1.721
-0.203 -0.086 0.087 0.023 -2.371 -1.721
-0.281 -0.095 0.097 0.021 -2.096 -1.617
-0.281 -0.104 0.107 0.019 -2.387 -1.704
-0.281 -0.104 0.107 0.019 -2.387 -1.704
-0.201 -0.107 0.118 0.013 -2.278 -1.294
-0.285 -0.110 0.127 0.008 -2.070 -1.068
-0.285 -0.112 0.135 0.003 -1.971 -1.252
-0.285 -0.112 0.135 0.003 -1.971 -1.252
-0.322 -0.106 0.140 0.001 -2.092 -1.582
-0.322 -0.096 0.141 0.000 -2.212 -1.912
-0.240 -0.094 0.142 -0.001 -1.896 -1.754
-0.240 -0.094 0.142 -0.001 -1.896 -1.754
0.276 -0.105 0.131 -0.004 -2.314 -1.036
0.276 -0.116 0.120 -0.007 -3.049 -0.475
0.210 -0.117 0.096 -0.013 -2.646 -0.122
0.210 -0.117 0.096 -0.013 -2.646 -0.122
-0.219 -0.118 0.069 -0.020 -2.738 -0.161
-0.219 -0.118 0.069 -0.020 -2.738 -0.161
-0.097 -0.121 0.018 -0.033 -3.065 -0.594
-0.097 -0.121 0.018 -0.033 -3.065 -0.594
-0.314 -0.124 0.003 -0.037 -2.795 -0.516
-0.314 -0.127 -0.011 -0.040 -2.694 -0.395
-0.314 -0.127 -0.011 -0.040 -2.694 -0.395
-0.357 -0.132 -0.020 -0.048 -2.400 0.004
-0.370 -0.134 -0.032 -0.054 -2.027 0.175
-0.370 -0.135 -0.044 -0.061 -1.947 -0.055
-0.384 -0.140 -0.057 -0.064 -1.771 0.567
-0.384 -0.140 -0.057 -0.064 -1.771 0.567
-0.384 -0.146 -0.064 -0.065 -1.595 1.189
-0.384 -0.146 -0.064 -0.065 -1.595 1.189
-0.380 -0.152 -0.075 -0.065 -1.953 1.371
-0.402 -0.156 -0.080 -0.066 -2.538 1.345
-0.402 -0.161 -0.086 -0.066 -2.766 1.138
-0.407 -0.168 -0.088 -0.066 -2.428 1.087
-0.371 -0.170 -0.087 -0.065 -2.593 0.743
-0.371 -0.170 -0.087 -0.065 -2.593 0.743
-0.371 -0.173 -0.086 -0.064 -3.097 0.448
-0.371 -0.173 -0.086 -0.064 -3.097 0.448
-0.345 -0.174 -0.086 -0.064 -2.970 0.329
-0.345 -0.175 -0.087 -0.063 -2.843 0.211
-0.347 -0.177 -0.088 -0.064 -2.986 0.311
-0.353 -0.177 -0.085 -0.064 -3.012 0.222
-0.353 -0.177 -0.085 -0.064 -3.012 0.222
-0.353 -0.177 -0.083 -0.064 -2.895 0.032
-0.353 -0.177 -0.083 -0.064 -2.895 0.032
-0.386 -0.175 -0.081 -0.062 -2.277 0.564
-0.341 -0.172 -0.078 -0.059 -1.671 0.827
-0.334 -0.171 -0.073 -0.055 -1.870 0.511
-0.334 -0.171 -0.073 -0.055 -1.870 0.511
-0.334 -0.173 -0.069 -0.054 -2.056 0.465
-0.333 -0.175 -0.069 -0.053 -2.188 0.593
-0.333 -0.172 -0.070 -0.053 -2.320 0.721
-0.333 -0.172 -0.070 -0.053 -2.320 0.721
-0.331 -0.169 -0.070 -0.053 -2.413 0.894
-0.350 -0.167 -0.066 -0.052 -2.424 1.042
-0.350 -0.165 -0.063 -0.051 -2.343 1.017
-0.350 -0.165 -0.063 -0.051 -2.343 1.017
-0.361 -0.165 -0.062 -0.050 -2.351 1.025
-0.308 -0.164 -0.062 -0.048 -2.707 1.029
-0.308 -0.163 -0.062 -0.046 -3.055 1.026
-0.308 -0.163 -0.062 -0.046 -3.055 1.026
0.255 -0.162 -0.060 -0.041 -3.517 -0.086
0.158 -0.164 -0.060 -0.034 -3.990 -1.014
0.158 -0.165 -0.061 -0.027 -4.000 -0.831
0.158 -0.165 -0.061 -0.027 -4.000 -0.831
-0.346 -0.167 -0.059 -0.026 -3.376 -1.774
-0.346 -0.169 -0.055 -0.027 -2.751 -2.717
-0.317 -0.168 -0.054 -0.027 -2.770 -2.025
-0.317 -0.168 -0.054 -0.027 -2.770 -2.025
-0.317 -0.166 -0.055 -0.026 -2.789 -1.334
-0.365 -0.164 -0.056 -0.025 -2.646 -1.626
-0.353 -0.163 -0.056 -0.026 -2.725 -1.835
-0.353 -0.161 -0.056 -0.027 -2.947 -1.753
-0.353 -0.161 -0.056 -0.027 -2.947 -1.753
-0.292 -0.158 -0.051 -0.028 -3.054 -1.415
-0.292 -0.158 -0.051 -0.028 -3.054 -1.415
-0.249 -0.154 -0.045 -0.028 -3.312 -0.387
-0.267 -0.152 -0.035 -0.026 -3.495 0.081
-0.267 -0.152 -0.030 -0.024 -3.528 -0.142
-0.016 -0.154 -0.022 -0.020 -3.660 -1.054
-0.016 -0.154 -0.022 -0.020 -3.660 -1.054
-0.016 -0.154 -0.018 -0.019 -3.792 -1.966
0.307 -0.159 -0.013 -0.016 -3.896 -0.773
0.307 -0.159 -0.013 -0.016 -3.896 -0.773
0.218 -0.162 -0.010 -0.013 -3.924 0.056
0.218 -0.166 -0.007 -0.011 -3.849 -0.307
-0.237 -0.163 -0.004 -0.011 -3.450 -0.329
-0.237 -0.161 -0.003 -0.013 -3.051 -0.352
-0.237 -0.161 -0.003 -0.013 -3.051 -0.352
-0.294 -0.159 -0.002 -0.015 -2.983 -0.168
-0.318 -0.160 -0.002 -0.015 -3.050 0.118
-0.318 -0.160 -0.002 -0.015 -3.050 0.118
-0.318 -0.161 -0.002 -0.015 -3.185 0.221
-0.167 -0.163 -0.005 -0.015 -3.470 0.063
0.285 -0.168 -0.011 -0.016 -3.878 0.021
0.285 -0.168 -0.011 -0.016 -3.878 0.021
0.285 -0.173 -0.017 -0.016 -4.000 0.136
0.131 -0.175 -0.022 -0.018 -4.000 -0.149
-0.244 -0.171 -0.027 -0.020 -3.789 -1.350
-0.244 -0.171 -0.027 -0.020 -3.789 -1.350
-0.244 -0.166 -0.032 -0.022 -3.578 -2.266
-0.317 -0.159 -0.033 -0.020 -2.779 -1.938
-0.317 -0.159 -0.033 -0.020 -2.779 -1.938
-0.295 -0.158 -0.034 -0.012 -2.099 -0.944
-0.295 -0.156 -0.035 -0.005 -2.218 -0.278
-0.360 -0.156 -0.041 0.006 -2.231 -0.744
-0.360 -0.156 -0.041 0.006 -2.231 -0.744
-0.366 -0.154 -0.045 0.017 -2.141 -1.779
-0.366 -0.153 -0.050 0.028 -2.038 -2.349
-0.366 -0.153 -0.050 0.028 -2.038 -2.349
-0.388 -0.157 -0.051 0.038 -1.704 -3.209
-0.388 -0.160 -0.051 0.043 -1.370 -4.069
-0.430 -0.164 -0.053 0.051 -1.828 -3.834
-0.430 -0.164 -0.053 0.051 -1.828 -3.834
-0.390 -0.160 -0.058 0.058 -2.363 -3.336
-0.390 -0.157 -0.063 0.064 -2.440 -3.073
-0.335 -0.156 -0.068 0.068 -2.373 -2.290
-0.335 -0.156 -0.068 0.068 -2.373 -2.290
-0.293 -0.159 -0.072 0.068 -2.370 -1.595
-0.293 -0.163 -0.076 0.068 -2.433 -1.684
-0.293 -0.163 -0.076 0.068 -2.433 -1.684
-0.328 -0.161 -0.077 0.068 -2.560 -1.731
-0.366 -0.155 -0.074 0.067 -2.725 -1.695
-0.366 -0.155 -0.074 0.067 -2.725 -1.695
-0.366 -0.150 -0.070 0.066 -2.763 -1.611
-0.395 -0.147 -0.070 0.065 -3.042 -2.039
-0.393 -0.150 -0.068 0.065 -2.873 -2.850
-0.393 -0.150 -0.068 0.065 -2.873 -2.850
-0.393 -0.153 -0.066 0.066 -2.426 -3.234
-0.402 -0.156 -0.064 0.064 -2.262 -3.469
-0.402 -0.156 -0.064 0.064 -2.262 -3.469
-0.455 -0.153 -0.065 0.060 -2.607 -3.224
-0.455 -0.151 -0.066 0.055 -3.116 -2.744
-0.441 -0.146 -0.068 0.051 -3.051 -3.101
-0.434 -0.144 -0.070 0.049 -2.527 -3.793
-0.434 -0.144 -0.070 0.049 -2.527 -3.793
-0.434 -0.142 -0.073 0.047 -2.069 -4.130
-0.434 -0.142 -0.073 0.047 -2.069 -4.130
-0.463 -0.137 -0.074 0.045 -2.315 -4.335
-0.463 -0.131 -0.072 0.044 -2.561 -4.540
-0.463 -0.131 -0.072 0.044 -2.561 -4.540
-0.476 -0.126 -0.068 0.040 -2.688 -4.467
-0.491 -0.124 -0.059 0.037 -3.246 -4.413
-0.491 -0.124 -0.059 0.037 -3.246 -4.413
-0.426 -0.120 -0.048 0.032 -3.840 -3.862
-0.426 -0.113 -0.038 0.029 -4.000 -3.291
-0.480 -0.112 -0.035 0.025 -3.323 -3.373
-0.480 -0.112 -0.035 0.025 -3.323 -3.373
-0.427 -0.110 -0.033 0.022 -3.045 -3.367
-0.452 -0.107 -0.028 0.017 -2.779 -3.553
-0.452 -0.107 -0.028 0.017 -2.779 -3.553
-0.490 -0.100 -0.021 0.010 -2.136 -3.686
-0.439 -0.100 -0.022 0.008 -2.648 -3.176
-0.439 -0.102 -0.022 0.005 -2.887 -3.414
-0.439 -0.102 -0.022 0.005 -2.887 -3.414
-0.439 -0.103 -0.022 0.002 -2.615 -4.162
-0.414 -0.104 -0.021 0.001 -2.604 -3.149
-0.378 -0.104 -0.021 0.001 -2.346 -1.875
-0.378 -0.104 -0.021 0.001 -2.346 -1.875
-0.378 -0.104 -0.021 0.000 -2.097 -1.615
-0.378 -0.104 -0.021 0.000 -2.097 -1.615
-0.391 -0.106 -0.025 -0.000 -2.702 -1.364
-0.407 -0.107 -0.023 -0.001 -2.779 -1.426
-0.407 -0.107 -0.023 -0.001 -2.779 -1.426
-0.407 -0.109 -0.022 -0.001 -2.250 -1.739
-0.343 -0.109 -0.021 -0.002 -2.388 -1.025
-0.343 -0.109 -0.021 -0.002 -2.388 -1.025
-0.361 -0.110 -0.025 -0.002 -2.884 -0.462
-0.361 -0.111 -0.029 -0.002 -3.242 -0.612
-0.361 -0.111 -0.029 -0.002 -3.242 -0.612
-0.358 -0.109 -0.029 -0.002 -3.005 -0.550
-0.372 -0.106 -0.027 -0.004 -2.837 -0.557
-0.372 -0.106 -0.027 -0.004 -2.837 -0.557
-0.353 -0.102 -0.025 -0.006 -2.776 -0.664
-0.353 -0.102 -0.024 -0.008 -2.645 -0.701
-0.353 -0.102 -0.024 -0.008 -2.645 -0.701
-0.355 -0.102 -0.026 -0.011 -2.780 -0.622
-0.395 -0.102 -0.032 -0.015 -2.749 -0.742
-0.395 -0.102 -0.037 -0.019 -2.584 -0.940
-0.395 -0.102 -0.037 -0.019 -2.584 -0.940
-0.351 -0.103 -0.041 -0.022 -2.688 -0.866
-0.351 -0.104 -0.042 -0.024 -2.792 -0.793
-0.334 -0.105 -0.047 -0.027 -3.071 -1.017
-0.334 -0.105 -0.047 -0.027 -3.071 -1.017
-0.367 -0.110 -0.053 -0.028 -3.174 -0.644
-0.367 -0.115 -0.059 -0.029 -2.998 -0.048
-0.367 -0.115 -0.059 -0.029 -2.998 -0.048
-0.354 -0.123 -0.065 -0.033 -3.243 -0.341
-0.339 -0.124 -0.075 -0.039 -2.421 -0.091
-0.339 -0.124 -0.075 -0.039 -2.421 -0.091
-0.346 -0.125 -0.086 -0.046 -1.482 0.157
-0.346 -0.125 -0.092 -0.048 -1.610 -0.138
-0.360 -0.124 -0.095 -0.050 -1.749 -0.421
-0.360 -0.124 -0.095 -0.050 -1.749 -0.421
-0.360 -0.123 -0.097 -0.050 -1.888 -0.705
-0.341 -0.123 -0.098 -0.053 -2.104 -0.508
-0.402 -0.122 -0.100 -0.057 -2.522 -0.825
-0.402 -0.122 -0.100 -0.057 -2.522 -0.825
-0.402 -0.121 -0.102 -0.062 -2.724 -1.339
-0.371 -0.118 -0.105 -0.062 -2.630 -0.780
-0.372 -0.121 -0.107 -0.062 -2.405 -0.326
-0.372 -0.121 -0.107 -0.062 -2.405 -0.326
-0.372 -0.123 -0.110 -0.062 -2.275 -0.431
-0.383 -0.126 -0.112 -0.063 -2.607 -0.425
-0.383 -0.126 -0.112 -0.063 -2.607 -0.425
-0.377 -0.125 -0.114 -0.066 -2.779 -0.383
-0.377 -0.124 -0.116 -0.068 -2.619 -0.347
-0.387 -0.128 -0.115 -0.070 -3.014 -0.399
-0.387 -0.128 -0.115 -0.070 -3.014 -0.399
-0.387 -0.133 -0.113 -0.070 -3.409 -0.451
-0.256 -0.142 -0.112 -0.070 -2.800 -1.072
-0.256 -0.142 -0.112 -0.070 -2.800 -1.072
0.193 -0.148 -0.115 -0.069 -2.802 -1.351
0.193 -0.153 -0.118 -0.068 -3.412 -1.010
0.193 -0.153 -0.118 -0.068 -3.412 -1.010
-0.178 -0.148 -0.115 -0.069 -2.366 -1.331
-0.340 -0.150 -0.112 -0.069 -2.066 -1.358
-0.340 -0.150 -0.112 -0.069 -2.066 -1.358
-0.382 -0.146 -0.109 -0.070 -2.728 -1.035
-0.382 -0.148 -0.112 -0.069 -2.644 -1.005
-0.410 -0.141 -0.111 -0.071 -2.551 -0.908
-0.410 -0.138 -0.109 -0.071 -2.458 -0.812
-0.413 -0.143 -0.106 -0.070 -2.628 -0.769
-0.413 -0.143 -0.106 -0.070 -2.628 -0.769
-0.375 -0.148 -0.106 -0.068 -2.521 -0.364
-0.375 -0.154 -0.105 -0.067 -2.243 -0.004
-0.375 -0.154 -0.105 -0.067 -2.243 -0.004
-0.381 -0.152 -0.103 -0.066 -2.302 0.316
-0.429 -0.152 -0.100 -0.065 -2.616 0.594
-0.429 -0.152 -0.097 -0.065 -2.872 0.551
-0.429 -0.152 -0.097 -0.065 -2.872 0.551
-0.398 -0.149 -0.094 -0.067 -2.336 0.546
-0.375 -0.144 -0.090 -0.069 -1.575 0.523
-0.375 -0.144 -0.090 -0.069 -1.575 0.523
-0.375 -0.140 -0.085 -0.070 -1.350 0.504
-0.389 -0.140 -0.081 -0.070 -1.583 0.472
-0.389 -0.141 -0.081 -0.071 -1.816 0.439
-0.374 -0.141 -0.081 -0.071 -1.843 0.459
-0.374 -0.141 -0.081 -0.071 -1.843 0.459
-0.374 -0.138 -0.079 -0.071 -1.960 0.378
-0.374 -0.136 -0.077 -0.072 -2.050 0.277
-0.374 -0.136 -0.077 -0.072 -2.050 0.277
-0.026 -0.137 -0.074 -0.071 -2.503 -0.442
0.203 -0.142 -0.074 -0.071 -3.433 -0.380
0.203 -0.147 -0.074 -0.070 -3.910 0.401
0.203 -0.147 -0.074 -0.070 -3.910 0.401
-0.206 -0.144 -0.076 -0.070 -3.052 0.273
-0.308 -0.137 -0.076 -0.071 -2.513 0.295
-0.308 -0.129 -0.075 -0.072 -2.833 0.444
-0.308 -0.129 -0.075 -0.072 -2.833 0.444
-0.322 -0.133 -0.071 -0.072 -2.276 0.421
-0.322 -0.139 -0.069 -0.071 -1.718 0.397
-0.354 -0.141 -0.068 -0.070 -2.251 0.449
-0.354 -0.141 -0.068 -0.070 -2.251 0.449
-0.354 -0.138 -0.068 -0.071 -2.605 0.529
-0.354 -0.134 -0.069 -0.071 -2.427 0.557
-0.342 -0.137 -0.069 -0.070 -2.247 0.356
-0.342 -0.137 -0.069 -0.070 -2.247 0.356
-0.334 -0.138 -0.068 -0.069 -1.980 0.119
-0.334 -0.139 -0.066 -0.068 -1.894 0.083
-0.313 -0.137 -0.066 -0.069 -2.141 0.437
-0.313 -0.137 -0.066 -0.069 -2.141 0.437
-0.313 -0.137 -0.067 -0.070 -2.387 0.791
-0.370 -0.138 -0.069 -0.070 -2.575 0.768
-0.370 -0.138 -0.069 -0.070 -2.575 0.768
-0.323 -0.138 -0.070 -0.069 -2.400 0.433
-0.323 -0.137 -0.070 -0.069 -2.036 0.121
-0.323 -0.137 -0.070 -0.069 -2.036 0.121
-0.327 -0.137 -0.068 -0.070 -2.036 0.411
-0.351 -0.134 -0.066 -0.070 -2.291 0.636
-0.035 -0.131 -0.065 -0.070 -2.782 -0.111
-0.035 -0.127 -0.066 -0.070 -3.016 -0.794
-0.035 -0.127 -0.066 -0.070 -3.016 -0.794
0.263 -0.130 -0.067 -0.068 -3.508 -0.275
0.263 -0.134 -0.067 -0.067 -4.000 0.244
-0.104 -0.136 -0.067 -0.067 -3.406 0.411
-0.104 -0.136 -0.067 -0.067 -3.406 0.411
-0.275 -0.136 -0.067 -0.068 -2.395 0.551
-0.275 -0.136 -0.067 -0.069 -1.978 0.525
-0.275 -0.136 -0.067 -0.069 -1.978 0.525
-0.285 -0.136 -0.067 -0.070 -2.126 0.519
-0.285 -0.136 -0.067 -0.070 -2.274 0.513
-0.331 -0.136 -0.067 -0.068 -2.151 0.563
-0.331 -0.136 -0.067 -0.068 -2.151 0.563
-0.321 -0.135 -0.065 -0.067 -2.203 0.670
-0.321 -0.135 -0.063 -0.066 -2.379 0.727
-0.342 -0.132 -0.062 -0.067 -2.414 0.801
-0.342 -0.132 -0.062 -0.067 -2.414 0.801
-0.324 -0.132 -0.062 -0.067 -2.424 0.746
-0.324 -0.132 -0.061 -0.067 -2.400 0.617
-0.324 -0.132 -0.061 -0.067 -2.400 0.617
-0.356 -0.134 -0.060 -0.065 -2.253 0.667
-0.356 -0.133 -0.060 -0.064 -2.105 0.716
-0.372 -0.131 -0.059 -0.064 -2.098 0.864
-0.372 -0.131 -0.059 -0.064 -2.098 0.864
-0.376 -0.131 -0.059 -0.064 -2.053 0.936
-0.376 -0.131 -0.058 -0.064 -2.014 0.861
-0.319 -0.134 -0.059 -0.064 -2.349 0.768
-0.319 -0.134 -0.059 -0.064 -2.349 0.768
-0.366 -0.133 -0.059 -0.065 -2.716 0.575
-0.366 -0.132 -0.058 -0.066 -2.747 0.476
-0.366 -0.132 -0.058 -0.066 -2.747 0.476
-0.334 -0.130 -0.056 -0.066 -2.492 0.691
0.275 -0.130 -0.057 -0.064 -3.118 0.270
0.258 -0.129 -0.057 -0.060 -3.887 0.152
0.258 -0.129 -0.057 -0.060 -3.887 0.152
0.258 -0.130 -0.058 -0.058 -3.775 0.669
-0.182 -0.125 -0.053 -0.057 -3.269 0.678
-0.182 -0.125 -0.053 -0.057 -3.269 0.678
-0.182 -0.121 -0.049 -0.057 -2.763 0.687
-0.296 -0.123 -0.046 -0.056 -2.645 0.346
-0.296 -0.129 -0.045 -0.051 -2.559 -0.015
-0.296 -0.136 -0.045 -0.047 -2.591 -0.037
-0.296 -0.136 -0.045 -0.047 -2.591 -0.037
-0.332 -0.136 -0.042 -0.043 -2.667 -0.020
-0.331 -0.138 -0.038 -0.042 -2.640 0.189
-0.331 -0.138 -0.038 -0.042 -2.640 0.189
-0.331 -0.140 -0.035 -0.041 -2.538 0.381
-0.322 -0.144 -0.029 -0.037 -2.726 -0.700
-0.308 -0.141 -0.023 -0.033 -2.725 -1.094
-0.308 -0.141 -0.023 -0.033 -2.725 -1.094
-0.308 -0.138 -0.017 -0.029 -2.536 -0.408
-0.304 -0.135 -0.016 -0.027 -2.858 -0.831
-0.304 -0.135 -0.016 -0.027 -3.179 -1.255
-0.304 -0.135 -0.016 -0.027 -3.179 -1.255
-0.319 -0.135 -0.016 -0.025 -3.202 -1.180
-0.312 -0.135 -0.014 -0.023 -3.612 -1.150
-0.312 -0.135 -0.014 -0.023 -3.612 -1.150
-0.312 -0.136 -0.011 -0.022 -4.000 -1.195
-0.312 -0.135 -0.011 -0.022 -3.762 -1.419
-0.305 -0.135 -0.011 -0.022 -3.481 -1.387
-0.305 -0.136 -0.010 -0.023 -3.437 -1.132
-0.305 -0.136 -0.010 -0.023 -3.437 -1.132
-0.320 -0.133 -0.009 -0.023 -3.505 -0.936
-0.341 -0.132 -0.006 -0.025 -3.773 -1.168
-0.341 -0.132 -0.006 -0.025 -3.773 -1.168
-0.341 -0.130 -0.004 -0.027 -3.972 -1.596
-0.326 -0.130 -0.003 -0.027 -3.715 -1.069
-0.313 -0.128 -0.004 -0.025 -3.539 -0.424
-0.313 -0.128 -0.004 -0.025 -3.539 -0.424
-0.313 -0.127 -0.006 -0.023 -3.621 -0.307
-0.324 -0.128 -0.007 -0.023 -3.526 -0.400
-0.324 -0.128 -0.007 -0.023 -3.526 -0.400
-0.324 -0.130 -0.009 -0.023 -3.431 -0.494
-0.330 -0.131 -0.011 -0.024 -3.426 -0.415
0.156 -0.130 -0.006 -0.026 -3.536 -0.576
0.156 -0.130 -0.006 -0.026 -3.536 -0.576
0.248 -0.130 -0.003 -0.029 -3.826 0.199
0.248 -0.129 0.000 -0.030 -4.000 1.212
-0.201 -0.128 -0.003 -0.030 -3.544 -0.038
-0.201 -0.128 -0.003 -0.030 -3.544 -0.038
-0.201 -0.127 -0.004 -0.029 -3.088 -1.288
-0.248 -0.132 -0.004 -0.031 -3.079 -1.545
-0.242 -0.136 -0.002 -0.035 -3.135 -1.597
-0.242 -0.136 -0.002 -0.035 -3.135 -1.597
-0.242 -0.139 0.001 -0.039 -3.200 -1.393
-0.268 -0.138 0.000 -0.038 -3.095 -1.568
-0.268 -0.138 0.000 -0.038 -3.095 -1.568
-0.234 -0.140 -0.004 -0.033 -2.606 -1.326
-0.234 -0.143 -0.008 -0.028 -2.221 -0.908
-0.234 -0.143 -0.008 -0.028 -2.221 -0.908
-0.237 -0.144 -0.010 -0.025 -2.341 -0.903
-0.279 -0.143 -0.005 -0.027 -3.115 -1.386
-0.279 -0.142 0.000 -0.028 -3.769 -1.874
-0.279 -0.142 0.000 -0.028 -3.769 -1.874
-0.259 -0.142 0.001 -0.030 -3.506 -1.645
-0.235 -0.143 -0.000 -0.029 -3.154 -1.418
-0.235 -0.143 -0.000 -0.029 -3.154 -1.418
-0.235 -0.145 -0.001 -0.028 -3.066 -1.421
-0.244 -0.145 -0.003 -0.027 -3.075 -1.142
0.080 -0.141 -0.005 -0.026 -2.974 -1.150
0.080 -0.137 -0.007 -0.024 -2.863 -1.435
0.080 -0.137 -0.007 -0.024 -2.863 -1.435
0.266 -0.136 -0.008 -0.022 -3.432 -0.655
0.266 -0.136 -0.008 -0.022 -3.432 -0.655
-0.011 -0.135 -0.005 -0.021 -3.590 -0.156
-0.011 -0.133 -0.002 -0.020 -3.180 -0.436
-0.160 -0.130 0.007 -0.018 -2.647 -1.306
-0.160 -0.131 0.012 -0.016 -2.115 -2.177
-0.160 -0.131 0.012 -0.016 -2.115 -2.177
0.259 -0.130 0.017 -0.013 -3.058 -1.133
0.179 -0.129 0.018 -0.008 -3.603 -0.575
0.179 -0.129 0.018 -0.008 -3.603 -0.575
0.179 -0.128 0.019 -0.003 -3.206 -1.063
-0.315 -0.126 0.021 -0.002 -3.004 -1.688
-0.281 -0.119 0.019 -0.003 -2.194 -2.193
-0.281 -0.119 0.019 -0.003 -2.194 -2.193
-0.281 -0.111 0.016 -0.005 -1.586 -2.073
0.298 -0.099 0.013 -0.004 -2.793 -0.940
0.266 -0.085 0.011 -0.002 -3.821 -0.108
0.266 -0.071 0.008 -0.001 -3.643 -0.408
-0.269 -0.061 0.010 -0.000 -2.892 -1.462
-0.269 -0.061 0.010 -0.000 -2.892 -1.462
-0.269 -0.056 0.012 0.001 -2.141 -2.517
-0.269 -0.056 0.012 0.001 -2.141 -2.517
-0.303 -0.047 0.014 0.003 -2.112 -2.470
-0.329 -0.042 0.012 0.005 -2.121 -2.430
-0.329 -0.038 0.009 0.007 -2.160 -2.437
-0.331 -0.037 0.008 0.008 -1.998 -2.465
-0.331 -0.037 0.008 0.008 -1.998 -2.465
-0.364 -0.036 0.010 0.008 -1.864 -2.430
-0.364 -0.035 0.012 0.008 -1.892 -2.367
-0.364 -0.035 0.012 0.008 -1.892 -2.367
-0.392 -0.042 0.016 0.008 -2.255 -2.872
-0.338 -0.047 0.021 0.010 -2.565 -2.977
-0.338 -0.053 0.026 0.011 -2.512 -2.576
-0.338 -0.053 0.026 0.011 -2.512 -2.576
-0.353 -0.054 0.026 0.012 -2.774 -2.907
-0.353 -0.056 0.026 0.013 -3.036 -3.238
-0.325 -0.061 0.025 0.013 -3.067 -2.871
-0.325 -0.061 0.025 0.013 -3.067 -2.871
-0.364 -0.067 0.021 0.014 -2.763 -2.184
-0.342 -0.080 0.018 0.014 -2.686 -2.006
-0.342 -0.080 0.018 0.014 -2.686 -2.006
-0.342 -0.090 0.014 0.014 -2.945 -2.149
-0.318 -0.101 0.012 0.014 -2.842 -2.003
-0.318 -0.105 0.010 0.014 -2.740 -1.857
-0.318 -0.105 0.010 0.014 -2.740 -1.857
-0.291 -0.112 0.006 0.014 -2.365 -2.025
0.258 -0.122 0.002 0.010 -2.995 -2.218
0.258 -0.132 -0.001 0.006 -4.000 -2.244
0.214 -0.140 -0.001 0.003 -4.000 -1.424
0.214 -0.140 -0.001 0.003 -4.000 -1.424
0.214 -0.140 0.000 0.004 -4.000 -0.603
-0.244 -0.144 0.004 0.002 -3.083 -1.474
-0.333 -0.153 0.007 -0.001 -2.271 -2.009
-0.333 -0.153 0.007 -0.001 -2.271 -2.009
-0.333 -0.162 0.009 -0.004 -2.377 -1.673
-0.331 -0.160 0.009 -0.001 -2.226 -1.491
-0.316 -0.154 0.008 0.005 -2.151 -1.152
-0.316 -0.154 0.008 0.005 -2.151 -1.152
-0.316 -0.149 0.007 0.010 -2.229 -0.995
-0.292 -0.147 0.003 0.013 -2.511 -0.988
-0.303 -0.144 0.003 0.011 -2.895 -1.126
-0.303 -0.144 0.003 0.011 -2.895 -1.126
-0.303 -0.141 0.002 0.008 -2.998 -1.271
-0.361 -0.146 0.007 0.000 -2.631 -1.886
-0.361 -0.146 0.007 0.000 -2.631 -1.886
-0.361 -0.150 0.010 -0.004 -2.264 -2.501
-0.362 -0.161 0.017 -0.014 -2.558 -2.627
-0.345 -0.169 0.022 -0.021 -2.695 -2.148
-0.345 -0.169 0.022 -0.021 -2.695 -2.148
-0.345 -0.178 0.027 -0.029 -2.538 -1.544
-0.322 -0.176 0.028 -0.034 -2.754 -1.886
-0.322 -0.176 0.028 -0.034 -2.754 -1.886
-0.284 -0.171 0.029 -0.039 -3.112 -1.736
-0.284 -0.166 0.030 -0.043 -3.255 -1.245
-0.270 -0.172 0.034 -0.051 -3.473 -1.077
-0.270 -0.177 0.038 -0.056 -3.691 -0.909
-0.270 -0.177 0.038 -0.056 -3.691 -0.909
-0.263 -0.185 0.045 -0.065 -3.240 -1.397
-0.206 -0.187 0.047 -0.070 -2.640 -1.570
-0.206 -0.187 0.047 -0.070 -2.640 -1.570
-0.206 -0.190 0.049 -0.075 -2.492 -1.254
-0.178 -0.194 0.049 -0.077 -2.299 -1.458
-0.028 -0.195 0.047 -0.075 -2.137 -1.332
-0.028 -0.195 0.047 -0.075 -2.137 -1.332
-0.028 -0.197 0.046 -0.074 -2.166 -1.003
-0.019 -0.198 0.042 -0.070 -2.055 -1.109
-0.082 -0.198 0.039 -0.070 -1.586 -2.054
-0.082 -0.198 0.039 -0.070 -1.586 -2.054
-0.082 -0.198 0.037 -0.070 -1.229 -2.893
-0.099 -0.199 0.036 -0.069 -1.656 -2.463
-0.125 -0.188 0.032 -0.063 -1.542 -2.180
-0.125 -0.188 0.032 -0.063 -1.542 -2.180
-0.125 -0.177 0.029 -0.058 -1.001 -2.325
0.290 -0.159 0.024 -0.048 -2.473 -2.002
0.290 -0.159 0.024 -0.048 -2.473 -2.002
0.230 -0.148 0.017 -0.032 -3.942 -1.682
0.230 -0.138 0.010 -0.015 -3.938 -1.685
-0.194 -0.124 0.002 0.010 -2.003 -2.230
-0.194 -0.124 0.002 0.010 -2.003 -2.230
-0.273 -0.117 -0.006 0.033 -0.103 -2.170
-0.273 -0.109 -0.014 0.056 -0.139 -1.565
-0.273 -0.109 -0.014 0.056 -0.139 -1.565
-0.345 -0.112 -0.019 0.070 -0.418 -1.336
-0.336 -0.119 -0.020 0.076 -0.862 -1.248
-0.336 -0.125 -0.020 0.083 -1.028 -1.390
-0.310 -0.129 -0.023 0.087 -1.335 -0.976
-0.310 -0.129 -0.023 0.087 -1.335 -0.976
-0.310 -0.129 -0.027 0.090 -1.642 -0.562
-0.238 -0.128 -0.032 0.095 -1.564 -0.368
-0.203 -0.124 -0.032 0.098 -1.606 -0.248
-0.203 -0.124 -0.032 0.098 -1.606 -0.248
-0.203 -0.120 -0.032 0.101 -1.728 -0.323
-0.180 -0.124 -0.029 0.104 -2.117 -0.197
-0.180 -0.131 -0.027 0.106 -2.506 -0.071
-0.180 -0.131 -0.027 0.106 -2.506 -0.071
0.313 -0.139 -0.025 0.102 -3.058 0.040
0.216 -0.141 -0.021 0.096 -3.678 0.454
0.216 -0.144 -0.016 0.090 -3.745 0.756
0.216 -0.144 -0.016 0.090 -3.745 0.756
-0.213 -0.142 -0.008 0.088 -2.042 0.114
-0.213 -0.139 -0.005 0.086 -0.338 -0.528
-0.261 -0.138 -0.002 0.086 -0.828 -0.105
-0.261 -0.138 -0.002 0.086 -0.828 -0.105
-0.315 -0.138 -0.002 0.086 -1.227 0.057
-0.315 -0.138 -0.002 0.086 -1.137 -0.204
-0.329 -0.136 -0.001 0.085 -1.309 -0.507
-0.329 -0.136 -0.001 0.085 -1.309 -0.507
-0.303 -0.133 -0.002 0.085 -0.774 -1.433
-0.303 -0.130 -0.003 0.086 -0.067 -2.056
-0.303 -0.130 -0.003 0.086 -0.067 -2.056
-0.277 -0.122 -0.008 0.087 -0.889 -1.496
-0.242 -0.117 -0.011 0.086 -1.636 -0.811
-0.242 -0.113 -0.014 0.086 -1.561 -0.685
-0.242 -0.113 -0.014 0.086 -1.561 -0.685
-0.274 -0.110 -0.018 0.087 -1.548 -0.537
-0.274 -0.107 -0.021 0.089 -1.534 -0.389
-0.195 -0.110 -0.021 0.092 -1.314 -0.324
-0.195 -0.110 -0.021 0.092 -1.314 -0.324
0.297 -0.127 -0.020 0.091 -2.123 0.017
0.190 -0.145 -0.023 0.087 -2.943 1.104
0.190 -0.145 -0.023 0.087 -2.943 1.104
0.190 -0.157 -0.029 0.081 -2.734 1.915
-0.008 -0.153 -0.038 0.073 -3.008 1.898
-0.117 -0.147 -0.048 0.064 -2.820 1.828
-0.117 -0.147 -0.048 0.064 -2.820 1.828
-0.117 -0.141 -0.058 0.054 -2.359 1.775
0.020 -0.155 -0.066 0.041 -1.832 -0.399
0.020 -0.155 -0.066 0.041 -1.832 -0.399
0.020 -0.169 -0.069 0.034 -1.304 -2.573
0.258 -0.184 -0.080 0.020 -2.652 -0.984
0.258 -0.184 -0.080 0.020 -2.652 -0.984
0.189 -0.183 -0.084 0.006 -3.478 0.608
-0.287 -0.185 -0.091 -0.015 -2.862 0.851
-0.287 -0.186 -0.091 -0.029 -2.766 1.090
-0.372 -0.184 -0.096 -0.039 -2.715 0.889
-0.372 -0.179 -0.098 -0.041 -2.665 0.688
-0.372 -0.179 -0.098 -0.041 -2.665 0.688
-0.295 -0.174 -0.100 -0.045 -2.888 0.473
-0.320 -0.173 -0.098 -0.049 -2.836 0.036
-0.320 -0.173 -0.098 -0.049 -2.836 0.036
-0.320 -0.172 -0.096 -0.054 -2.560 -0.187
-0.358 -0.170 -0.097 -0.057 -2.485 -0.485
-0.358 -0.169 -0.100 -0.058 -2.411 -0.783
-0.367 -0.168 -0.108 -0.060 -2.391 -0.710
-0.367 -0.167 -0.112 -0.061 -2.371 -0.638
-0.367 -0.167 -0.112 -0.061 -2.371 -0.638
-0.377 -0.164 -0.117 -0.060 -2.399 -0.464
-0.421 -0.157 -0.120 -0.058 -2.694 0.210
-0.421 -0.157 -0.120 -0.058 -2.694 0.210
-0.421 -0.150 -0.124 -0.056 -2.962 0.711
-0.370 -0.145 -0.122 -0.056 -2.854 0.446
-0.422 -0.144 -0.120 -0.054 -2.960 -0.059
-0.422 -0.144 -0.120 -0.054 -2.960 -0.059
-0.422 -0.143 -0.118 -0.053 -3.175 -0.299
-0.405 -0.137 -0.122 -0.051 -2.904 -0.276
-0.361 -0.132 -0.126 -0.051 -2.736 -0.228
-0.361 -0.132 -0.126 -0.051 -2.736 -0.228
-0.361 -0.127 -0.130 -0.050 -2.839 -0.205
-0.377 -0.132 -0.133 -0.050 -2.814 0.054
-0.377 -0.132 -0.133 -0.050 -2.814 0.054
-0.377 -0.136 -0.134 -0.050 -2.788 0.312
-0.351 -0.138 -0.133 -0.049 -2.867 0.121
-0.380 -0.135 -0.134 -0.049 -3.010 -0.154
-0.380 -0.135 -0.134 -0.049 -3.010 -0.154
-0.370 -0.133 -0.130 -0.050 -3.112 0.162
-0.370 -0.134 -0.128 -0.051 -3.150 0.561
-0.370 -0.134 -0.128 -0.051 -3.150 0.561
-0.357 -0.139 -0.121 -0.051 -3.202 0.614
-0.351 -0.136 -0.124 -0.051 -2.931 0.514
-0.351 -0.134 -0.126 -0.051 -2.609 0.362
-0.351 -0.134 -0.126 -0.051 -2.609 0.362
-0.377 -0.133 -0.127 -0.052 -2.659 -1.180
-0.377 -0.139 -0.124 -0.052 -2.710 -2.721
-0.377 -0.139 -0.124 -0.052 -2.710 -2.721
-0.389 -0.146 -0.120 -0.051 -2.394 -3.348
-0.361 -0.144 -0.122 -0.051 -2.706 -3.598
-0.316 -0.147 -0.120 -0.050 -3.126 -3.459
-0.316 -0.149 -0.121 -0.048 -2.918 -3.697
-0.316 -0.149 -0.121 -0.048 -2.918 -3.697
-0.308 -0.154 -0.119 -0.047 -3.123 -3.830
-0.308 -0.154 -0.120 -0.048 -3.327 -3.964
-0.308 -0.154 -0.120 -0.048 -3.327 -3.964
0.252 -0.156 -0.123 -0.049 -3.663 -2.866
0.262 -0.158 -0.123 -0.049 -4.000 -0.581
0.262 -0.160 -0.123 -0.049 -4.000 0.604
0.292 -0.155 -0.115 -0.047 -4.000 0.453
0.292 -0.155 -0.115 -0.047 -4.000 0.453
0.292 -0.150 -0.109 -0.045 -4.000 0.301
0.292 -0.150 -0.109 -0.045 -4.000 0.301
0.184 -0.150 -0.094 -0.040 -4.000 1.209
0.124 -0.151 -0.084 -0.028 -3.260 0.879
0.124 -0.151 -0.084 -0.028 -3.260 0.879
0.324 -0.148 -0.072 -0.018 -2.879 -0.925
0.324 -0.139 -0.068 -0.011 -3.239 -1.493
0.324 -0.139 -0.068 -0.011 -3.239 -1.493
0.307 -0.139 -0.061 -0.008 -3.127 -1.389
0.275 -0.140 -0.052 -0.003 -3.313 -0.394
0.275 -0.141 -0.043 0.002 -3.610 0.497
0.038 -0.141 -0.036 0.006 -2.899 0.598
0.038 -0.141 -0.036 0.006 -2.899 0.598
0.038 -0.144 -0.034 0.008 -2.187 0.699
-0.059 -0.143 -0.031 0.012 -2.132 0.812
-0.059 -0.143 -0.031 0.012 -2.132 0.812
-0.133 -0.133 -0.027 0.015 -1.529 0.839
-0.133 -0.123 -0.024 0.018 -0.980 0.754
-0.131 -0.116 -0.021 0.019 -1.589 0.816
-0.131 -0.116 -0.021 0.019 -1.589 0.816
-0.126 -0.117 -0.022 0.017 -2.172 0.516
-0.126 -0.118 -0.022 0.016 -2.148 0.154
-0.144 -0.119 -0.022 0.016 -2.344 0.382
-0.144 -0.119 -0.022 0.016 -2.344 0.382
-0.228 -0.114 -0.016 0.017 -2.033 0.520
-0.228 -0.108 -0.011 0.019 -1.526 0.430
-0.244 -0.108 -0.008 0.019 -1.759 0.402
-0.244 -0.111 -0.010 0.019 -1.991 0.374
-0.244 -0.111 -0.010 0.019 -1.991 0.374
0.294 -0.115 -0.016 0.021 -2.660 0.535
0.215 -0.116 -0.016 0.024 -3.356 1.487
0.215 -0.116 -0.016 0.024 -3.356 1.487
0.215 -0.117 -0.017 0.028 -3.384 2.279
-0.107 -0.111 -0.010 0.029 -3.117 1.772
-0.238 -0.104 -0.007 0.027 -2.443 1.032
-0.238 -0.098 -0.004 0.026 -2.034 0.798
-0.250 -0.093 -0.004 0.026 -2.156 0.782
-0.250 -0.093 -0.004 0.026 -2.156 0.782
-0.265 -0.090 -0.003 0.027 -2.237 0.747
-0.265 -0.090 -0.003 0.027 -2.237 0.747
-0.265 -0.088 -0.002 0.029 -2.194 0.727
-0.297 -0.091 -0.001 0.028 -2.072 0.446
-0.297 -0.092 -0.000 0.026 -1.950 0.164
-0.297 -0.092 -0.000 0.026 -1.950 0.164
-0.286 -0.094 -0.001 0.026 -1.826 0.320
-0.261 -0.096 -0.002 0.027 -1.918 0.663
-0.261 -0.096 -0.002 0.027 -1.918 0.663
-0.261 -0.098 -0.002 0.029 -2.135 0.852
-0.252 -0.098 -0.001 0.029 -2.057 0.571
-0.283 -0.099 -0.001 0.028 -1.515 -0.018
-0.283 -0.100 -0.001 0.027 -1.050 -0.325
-0.283 -0.100 -0.001 0.027 -1.050 -0.325
-0.273 -0.103 0.000 0.027 -1.137 -0.093
-0.224 -0.104 -0.001 0.027 -1.631 0.219
-0.224 -0.105 -0.002 0.027 -2.039 0.299
-0.224 -0.105 -0.002 0.027 -2.039 0.299
-0.261 -0.105 -0.002 0.027 -1.578 -0.004
-0.261 -0.105 -0.002 0.027 -1.578 -0.004
-0.223 -0.105 0.000 0.026 -1.420 -0.362
-0.223 -0.105 0.000 0.026 -1.420 -0.362
-0.223 -0.105 0.002 0.026 -1.723 -0.417
-0.221 -0.106 0.003 0.025 -1.508 -0.600
-0.233 -0.109 0.003 0.024 -1.168 -0.815
-0.233 -0.109 0.003 0.024 -1.168 -0.815
-0.197 -0.111 0.004 0.024 -1.337 -0.624
-0.197 -0.111 0.004 0.024 -1.337 -0.624
-0.197 -0.113 0.004 0.025 -1.631 -0.402
-0.142 -0.113 0.002 0.025 -1.550 -0.583
-0.142 -0.113 0.002 0.025 -1.550 -0.583
0.298 -0.119 -0.006 0.024 -1.133 0.330
0.298 -0.119 -0.006 0.024 -1.133 0.330
0.164 -0.125 -0.010 0.025 -2.077 1.282
0.164 -0.130 -0.011 0.026 -3.357 1.140
0.164 -0.130 -0.011 0.026 -3.357 1.140
-0.090 -0.124 -0.006 0.027 -2.556 0.498
0.072 -0.131 -0.004 0.029 -1.708 0.512
0.072 -0.131 -0.004 0.029 -1.708 0.512
0.072 -0.138 -0.003 0.031 -1.660 1.167
0.008 -0.153 -0.002 0.033 -1.651 1.247
0.196 -0.152 -0.004 0.034 -1.937 -0.149
0.196 -0.152 -0.007 0.035 -2.233 -1.625
0.196 -0.152 -0.007 0.035 -2.233 -1.625
0.160 -0.150 -0.011 0.036 -2.215 -0.228
-0.113 -0.143 -0.006 0.035 -1.954 0.837
-0.113 -0.136 -0.002 0.035 -1.711 0.506
-0.113 -0.136 -0.002 0.035 -1.711 0.506
-0.150 -0.128 -0.002 0.032 -2.023 0.125
-0.150 -0.128 -0.008 0.029 -2.336 -0.257
-0.156 -0.125 -0.009 0.028 -2.405 -0.140
-0.156 -0.125 -0.009 0.028 -2.405 -0.140
-0.171 -0.122 -0.005 0.028 -2.675 -0.072
-0.171 -0.119 -0.000 0.029 -2.877 -0.119
-0.171 -0.119 -0.000 0.029 -2.877 -0.119
0.016 -0.125 -0.002 0.029 -1.758 -0.706
0.216 -0.131 -0.008 0.031 -1.295 0.436
0.054 -0.134 -0.009 0.033 -1.884 1.902
0.054 -0.134 -0.009 0.033 -1.884 1.902
0.054 -0.132 -0.008 0.034 -1.818 1.640
-0.115 -0.128 -0.002 0.032 -1.556 1.304
-0.115 -0.128 -0.002 0.032 -1.556 1.304
-0.115 -0.127 0.000 0.032 -1.294 0.968
-0.124 -0.125 0.003 0.032 -1.588 0.980
-0.211 -0.126 0.006 0.032 -1.925 1.369
-0.211 -0.126 0.006 0.032 -1.925 1.369
-0.211 -0.127 0.009 0.032 -1.967 1.746
-0.150 -0.127 0.008 0.032 -2.241 1.327
-0.188 -0.125 0.004 0.032 -2.785 0.926
-0.188 -0.125 0.004 0.032 -2.785 0.926
-0.188 -0.124 0.001 0.031 -3.054 0.945
-0.194 -0.124 0.003 0.032 -2.671 1.110
-0.194 -0.123 0.005 0.032 -2.288 1.276
-0.194 -0.123 0.005 0.032 -2.288 1.276
-0.169 -0.121 0.006 0.032 -2.032 1.139
-0.167 -0.122 0.005 0.031 -1.880 1.121
-0.167 -0.122 0.005 0.031 -1.880 1.121
-0.167 -0.123 0.003 0.029 -1.985 1.241
-0.211 -0.125 0.003 0.029 -2.193 1.276
-0.203 -0.125 0.003 0.030 -2.401 1.302
-0.203 -0.125 0.003 0.030 -2.401 1.302
-0.203 -0.125 0.004 0.030 -2.400 1.292
-0.234 -0.127 0.005 0.030 -2.173 1.461
-0.252 -0.128 0.007 0.030 -1.952 1.664
-0.252 -0.128 0.007 0.030 -1.952 1.664
-0.252 -0.130 0.009 0.030 -1.959 1.699
-0.171 -0.128 0.010 0.029 -2.086 1.350
-0.171 -0.127 0.010 0.029 -2.214 1.002
-0.171 -0.127 0.010 0.029 -2.214 1.002
-0.247 -0.123 0.015 0.028 -1.854 0.942
-0.165 -0.120 0.023 0.025 -1.901 0.818
-0.165 -0.120 0.023 0.025 -1.901 0.818
-0.165 -0.117 0.030 0.023 -2.309 0.752
-0.218 -0.119 0.035 0.015 -1.826 0.462
-0.218 -0.119 0.035 0.015 -1.826 0.462
-0.176 -0.126 0.038 0.005 -1.585 0.280
-0.243 -0.132 0.046 -0.009 -1.847 0.682
-0.243 -0.132 0.046 -0.009 -1.847 0.682
-0.243 -0.135 0.052 -0.019 -1.867 0.977
-0.255 -0.138 0.062 -0.025 -1.616 0.579
-0.242 -0.141 0.072 -0.030 -1.476 -0.155
-0.242 -0.141 0.072 -0.030 -1.476 -0.155
-0.242 -0.144 0.082 -0.035 -1.586 -0.491
-0.225 -0.149 0.089 -0.043 -1.464 -0.072
-0.225 -0.149 0.089 -0.043 -1.464 -0.072
-0.225 -0.155 0.091 -0.048 -1.342 0.347
-0.199 -0.160 0.094 -0.053 -1.907 0.411
-0.189 -0.160 0.097 -0.054 -2.493 0.320
-0.189 -0.160 0.097 -0.054 -2.493 0.320
-0.189 -0.160 0.099 -0.054 -2.513 0.165
-0.183 -0.155 0.097 -0.057 -2.338 -0.008
-0.203 -0.147 0.095 -0.059 -2.054 -0.323
-0.203 -0.147 0.095 -0.059 -2.054 -0.323
-0.203 -0.139 0.093 -0.062 -1.944 -0.464
-0.166 -0.145 0.093 -0.064 -2.343 -0.321
-0.201 -0.149 0.091 -0.067 -2.464 -0.286
-0.201 -0.152 0.088 -0.070 -2.186 -0.393
-0.196 -0.150 0.088 -0.071 -2.630 -0.546
-0.196 -0.150 0.088 -0.071 -2.630 -0.546
-0.196 -0.151 0.089 -0.070 -3.074 -0.699
-0.232 -0.152 0.092 -0.071 -3.092 -0.337
-0.232 -0.152 0.092 -0.071 -3.092 -0.337
-0.223 -0.152 0.091 -0.072 -3.281 -0.313
-0.223 -0.152 0.090 -0.073 -3.452 -0.650
-0.226 -0.151 0.089 -0.075 -2.611 -0.369
-0.226 -0.151 0.089 -0.075 -2.611 -0.369
-0.205 -0.147 0.088 -0.077 -2.243 0.029
-0.205 -0.147 0.088 -0.077 -2.243 0.029
-0.205 -0.144 0.087 -0.079 -2.718 0.146
-0.225 -0.143 0.085 -0.079 -3.092 0.048
-0.225 -0.144 0.085 -0.078 -3.466 -0.050
-0.219 -0.142 0.083 -0.077 -3.276 -0.135
-0.219 -0.142 0.083 -0.077 -3.276 -0.135
-0.246 -0.142 0.080 -0.079 -2.827 0.144
-0.246 -0.141 0.077 -0.082 -2.568 0.508
-0.246 -0.141 0.077 -0.082 -2.568 0.508
-0.247 -0.144 0.076 -0.083 -2.580 0.268
-0.235 -0.142 0.076 -0.083 -2.342 0.037
-0.235 -0.139 0.076 -0.083 -2.091 0.047
-0.239 -0.135 0.073 -0.085 -2.266 -0.063
-0.239 -0.135 0.073 -0.085 -2.266 -0.063
-0.133 -0.137 0.071 -0.086 -2.098 -0.317
-0.133 -0.139 0.069 -0.087 -1.754 -0.462
-0.197 -0.145 0.065 -0.087 -1.624 -0.342
-0.197 -0.145 0.065 -0.087 -1.624 -0.342
-0.197 -0.147 0.061 -0.089 -1.494 -0.222
-0.203 -0.149 0.058 -0.090 -1.797 -0.309
-0.209 -0.151 0.058 -0.090 -2.432 -0.468
-0.209 -0.151 0.058 -0.090 -2.432 -0.468
-0.209 -0.153 0.058 -0.090 -2.766 -0.540
-0.217 -0.151 0.057 -0.090 -2.723 -0.585
-0.206 -0.144 0.058 -0.091 -2.273 -0.370
-0.206 -0.144 0.058 -0.091 -2.273 -0.370
-0.206 -0.137 0.058 -0.092 -1.865 -0.111
-0.150 -0.133 0.060 -0.091 -1.680 0.004
-0.146 -0.136 0.062 -0.090 -1.536 0.131
-0.146 -0.136 0.062 -0.090 -1.536 0.131
-0.146 -0.139 0.064 -0.089 -1.578 0.142
-0.146 -0.139 0.064 -0.089 -1.578 0.142
-0.171 -0.139 0.064 -0.089 -1.806 0.175
-0.211 -0.139 0.060 -0.089 -2.201 -0.171
-0.211 -0.138 0.057 -0.090 -2.367 -0.548
-0.211 -0.138 0.057 -0.090 -2.367 -0.548
-0.180 -0.141 0.056 -0.089 -2.179 -0.381
-0.199 -0.142 0.058 -0.088 -1.927 -0.307
-0.199 -0.142 0.058 -0.088 -1.927 -0.307
-0.199 -0.143 0.059 -0.088 -1.863 -0.402
-0.188 -0.139 0.058 -0.088 -1.612 -0.328
-0.212 -0.137 0.058 -0.086 -1.536 -0.360
-0.212 -0.137 0.058 -0.086 -1.536 -0.360
-0.212 -0.134 0.058 -0.085 -1.710 -0.466
-0.200 -0.136 0.058 -0.084 -1.811 -0.235
-0.200 -0.136 0.058 -0.084 -1.811 -0.235
-0.229 -0.136 0.057 -0.083 -2.052 0.053
-0.229 -0.136 0.055 -0.083 -2.192 0.111
-0.220 -0.139 0.056 -0.082 -2.491 0.143
-0.220 -0.142 0.056 -0.082 -2.791 0.175
-0.220 -0.142 0.056 -0.082 -2.791 0.175
-0.213 -0.143 0.056 -0.081 -2.910 -0.272
-0.268 -0.141 0.055 -0.080 -2.711 -0.185
-0.268 -0.141 0.055 -0.080 -2.711 -0.185
-0.268 -0.138 0.054 -0.080 -2.392 0.349
-0.250 -0.136 0.053 -0.080 -2.323 0.110
-0.245 -0.133 0.051 -0.080 -2.171 -0.025
-0.245 -0.130 0.049 -0.080 -2.088 0.080
-0.245 -0.130 0.049 -0.080 -2.088 0.080
-0.280 -0.130 0.050 -0.080 -2.505 -0.118
-0.280 -0.130 0.050 -0.080 -2.505 -0.118
-0.134 -0.133 0.050 -0.080 -2.830 -0.190
-0.134 -0.133 0.050 -0.080 -2.830 -0.190
-0.261 -0.134 0.047 -0.078 -2.827 0.165
-0.261 -0.136 0.045 -0.077 -2.916 0.393
-0.235 -0.133 0.045 -0.076 -3.104 0.285
-0.235 -0.133 0.045 -0.076 -3.104 0.285
-0.248 -0.127 0.044 -0.077 -3.258 0.058
-0.248 -0.121 0.044 -0.078 -3.224 -0.062
-0.335 -0.112 0.045 -0.076 -3.051 -0.078
-0.335 -0.112 0.045 -0.076 -3.051 -0.078
-0.335 -0.114 0.046 -0.073 -3.258 -0.507
-0.335 -0.116 0.047 -0.071 -3.639 -0.921
-0.339 -0.117 0.046 -0.068 -3.819 -1.148
-0.339 -0.117 0.046 -0.068 -3.819 -1.148
-0.339 -0.112 0.045 -0.066 -4.000 -1.375
-0.375 -0.103 0.046 -0.061 -3.724 -1.555
-0.375 -0.103 0.046 -0.061 -3.724 -1.555
-0.377 -0.096 0.044 -0.056 -3.325 -1.814
-0.377 -0.090 0.042 -0.051 -3.202 -1.892
-0.300 -0.085 0.037 -0.048 -3.294 -1.388
-0.300 -0.085 0.037 -0.048 -3.294 -1.388
-0.302 -0.082 0.037 -0.046 -3.458 -0.912
-0.302 -0.080 0.037 -0.044 -3.531 -0.940
-0.302 -0.080 0.037 -0.044 -3.531 -0.940
-0.258 -0.082 0.040 -0.043 -3.687 -0.999
-0.326 -0.080 0.034 -0.038 -3.764 -0.947
-0.326 -0.078 0.028 -0.034 -3.686 -0.836
-0.326 -0.078 0.028 -0.034 -3.686 -0.836
-0.376 -0.068 0.022 -0.034 -3.843 -0.927
-0.331 -0.065 0.024 -0.037 -4.000 -0.780
-0.331 -0.063 0.026 -0.041 -4.000 -0.541
-0.331 -0.063 0.026 -0.041 -4.000 -0.541
-0.349 -0.062 0.025 -0.041 -4.000 -0.759
-0.334 -0.061 0.024 -0.039 -4.000 -0.888
-0.334 -0.061 0.024 -0.039 -4.000 -0.888
-0.334 -0.059 0.023 -0.038 -4.000 -0.799
-0.334 -0.059 0.023 -0.038 -4.000 -0.799
-0.392 -0.058 0.023 -0.039 -4.000 -1.011
-0.378 -0.056 0.024 -0.042 -4.000 -1.200
-0.378 -0.053 0.024 -0.045 -4.000 -1.178
-0.356 -0.050 0.027 -0.046 -4.000 -0.940
-0.356 -0.050 0.027 -0.046 -4.000 -0.940
-0.319 -0.051 0.026 -0.048 -4.000 -0.953
-0.319 -0.051 0.026 -0.048 -4.000 -0.953
-0.319 -0.052 0.026 -0.049 -4.000 -1.204
-0.311 -0.057 0.021 -0.047 -3.896 -1.496
-0.333 -0.063 0.016 -0.044 -3.662 -1.799
-0.333 -0.069 0.010 -0.041 -3.531 -1.809
-0.333 -0.069 0.010 -0.041 -3.531 -1.809
-0.315 -0.072 0.005 -0.035 -3.028 -1.750
-0.315 -0.072 0.002 -0.030 -2.526 -1.691
-0.315 -0.072 0.002 -0.030 -2.526 -1.691
-0.288 -0.073 -0.003 -0.021 -2.578 -1.514
-0.245 -0.073 -0.002 -0.013 -2.661 -1.139
0.139 -0.077 -0.001 -0.002 -2.703 -0.398
0.139 -0.081 0.002 0.006 -2.714 0.146
0.139 -0.084 0.002 0.010 -2.714 0.146
0.139 -0.084 0.002 0.010 -2.714 0.146
0.072 -0.087 0.004 0.012 -3.131 0.443
0.072 -0.087 0.004 0.012 -3.131 0.443
-0.174 -0.092 0.007 0.014 -3.404 0.416
-0.203 -0.096 0.008 0.017 -2.683 -0.170
-0.203 -0.099 0.006 0.018 -2.104 -0.430
-0.254 -0.097 0.006 0.021 -1.969 -0.755
-0.254 -0.097 0.006 0.021 -1.969 -0.755
-0.254 -0.097 0.009 0.022 -1.833 -1.079
-0.254 -0.097 0.009 0.022 -1.833 -1.079
-0.248 -0.099 0.010 0.021 -2.013 -1.287
-0.286 -0.101 0.007 0.019 -1.952 -1.567
-0.242 -0.102 0.006 0.015 -1.818 -1.437
-0.242 -0.102 0.006 0.015 -1.818 -1.437
-0.242 -0.100 0.007 0.015 -1.924 -1.236
-0.206 -0.102 0.011 0.011 -2.163 -0.991
-0.206 -0.102 0.011 0.011 -2.163 -0.991
-0.197 -0.103 0.012 0.007 -2.283 -1.074
-0.197 -0.104 0.014 0.003 -2.165 -1.401
-0.231 -0.102 0.015 -0.000 -2.055 -1.173
-0.231 -0.102 0.015 -0.000 -2.055 -1.173
-0.213 -0.098 0.018 -0.004 -1.933 -0.876
-0.213 -0.095 0.021 -0.007 -1.919 -0.807
-0.213 -0.095 0.021 -0.007 -1.919 -0.807
-0.266 -0.093 0.018 -0.009 -1.957 -1.220
-0.183 -0.095 0.012 -0.012 -2.465 -1.078
-0.183 -0.095 0.012 -0.012 -2.465 -1.078
-0.183 -0.097 0.007 -0.015 -2.935 -0.523
-0.172 -0.099 0.007 -0.017 -2.630 -0.334
-0.172 -0.099 0.009 -0.017 -2.325 -0.145
-0.172 -0.099 0.009 -0.017 -2.325 -0.145
-0.164 -0.099 0.012 -0.019 -2.542 0.035
-0.150 -0.103 0.017 -0.020 -2.858 0.125
-0.150 -0.108 0.022 -0.021 -2.958 0.036
-0.150 -0.108 0.022 -0.021 -2.958 0.036
-0.149 -0.101 0.024 -0.020 -2.392 -0.275
-0.196 -0.089 0.022 -0.017 -1.853 -0.774
-0.196 -0.089 0.022 -0.017 -1.853 -0.774
-0.196 -0.077 0.020 -0.013 -1.881 -0.962
-0.196 -0.081 0.020 -0.012 -1.957 -0.677
-0.198 -0.086 0.020 -0.012 -2.145 -0.749
-0.198 -0.086 0.020 -0.012 -2.145 -0.749
-0.198 -0.090 0.021 -0.012 -2.256 -1.107
-0.232 -0.087 0.021 -0.012 -2.346 -0.894
-0.199 -0.086 0.019 -0.014 -2.313 -0.831
-0.199 -0.086 0.019 -0.014 -2.313 -0.831
-0.199 -0.085 0.017 -0.016 -2.190 -0.981
-0.248 -0.087 0.022 -0.018 -2.056 -1.149
-0.248 -0.087 0.022 -0.018 -2.056 -1.149
-0.244 -0.089 0.027 -0.020 -2.224 -1.449
-0.244 -0.092 0.032 -0.021 -2.526 -1.582
-0.232 -0.093 0.029 -0.021 -2.523 -1.656
-0.232 -0.093 0.029 -0.021 -2.523 -1.656
-0.244 -0.093 0.025 -0.021 -2.180 -1.734
-0.244 -0.094 0.020 -0.021 -1.841 -1.736
-0.244 -0.094 0.020 -0.021 -1.841 -1.736
-0.198 -0.088 0.010 -0.018 -1.982 -1.320
-0.198 -0.082 0.005 -0.015 -2.124 -0.903
-0.257 -0.075 -0.002 -0.011 -2.281 -0.928
-0.257 -0.075 -0.002 -0.011 -2.281 -0.928
-0.258 -0.077 0.002 -0.013 -2.035 -1.427
-0.258 -0.079 0.007 -0.015 -1.632 -1.902
-0.285 -0.079 0.010 -0.017 -1.437 -1.948
-0.285 -0.079 0.010 -0.017 -1.437 -1.948
-0.279 -0.069 0.006 -0.013 -1.866 -1.706
-0.279 -0.060 0.002 -0.009 -2.490 -1.418
-0.262 -0.055 0.001 -0.007 -2.570 -1.273
-0.262 -0.055 0.001 -0.007 -2.570 -1.273
-0.247 -0.058 0.000 -0.009 -2.332 -1.165
-0.247 -0.061 -0.000 -0.011 -2.015 -1.203
-0.247 -0.061 -0.000 -0.011 -2.015 -1.203
-0.277 -0.060 0.002 -0.012 -1.992 -1.463
-0.295 -0.056 0.004 -0.012 -2.035 -1.801
-0.295 -0.056 0.004 -0.012 -2.035 -1.801
-0.295 -0.052 0.006 -0.013 -2.102 -1.880
-0.280 -0.049 0.008 -0.014 -2.105 -1.157
-0.275 -0.053 0.008 -0.014 -2.044 -0.923
-0.275 -0.053 0.008 -0.014 -2.044 -0.923
-0.275 -0.057 0.008 -0.015 -1.981 -1.412
-0.255 -0.066 0.007 -0.017 -2.084 -1.417
-0.255 -0.066 0.007 -0.017 -2.084 -1.417
-0.291 -0.073 0.011 -0.020 -2.226 -1.849
-0.291 -0.081 0.016 -0.024 -2.266 -2.274
-0.265 -0.088 0.018 -0.027 -2.577 -1.816
-0.265 -0.088 0.018 -0.027 -2.577 -1.816
-0.202 -0.088 0.015 -0.028 -2.798 -0.974
-0.202 -0.089 0.012 -0.028 -2.709 -0.589
-0.202 -0.089 0.012 -0.028 -2.709 -0.589
-0.192 -0.093 0.013 -0.030 -2.754 -0.951
-0.192 -0.099 0.016 -0.032 -2.799 -1.313
-0.125 -0.111 0.017 -0.035 -2.888 -1.090
-0.125 -0.111 0.017 -0.035 -2.888 -1.090
-0.160 -0.120 0.020 -0.036 -3.136 -1.529
-0.160 -0.128 0.023 -0.038 -3.295 -2.190
-0.184 -0.140 0.026 -0.037 -3.055 -1.944
-0.225 -0.158 0.023 -0.037 -2.605 -2.398
-0.225 -0.158 0.023 -0.037 -2.605 -2.398
-0.225 -0.176 0.021 -0.037 -2.395 -3.099
-0.220 -0.188 0.018 -0.037 -2.619 -2.654
-0.220 -0.188 0.018 -0.037 -2.619 -2.654
-0.085 -0.200 0.008 -0.038 -3.524 -2.617
-0.085 -0.200 0.008 -0.038 -3.524 -2.617
-0.244 -0.202 0.007 -0.037 -3.536 -2.316
-0.244 -0.202 0.008 -0.037 -3.548 -2.014
-0.259 -0.204 0.010 -0.038 -3.379 -1.688
-0.259 -0.204 0.010 -0.038 -3.379 -1.688
-0.279 -0.206 0.008 -0.037 -3.031 -1.065
-0.279 -0.206 0.008 -0.037 -3.031 -1.065
-0.323 -0.206 0.006 -0.036 -2.856 -0.884
-0.323 -0.205 0.002 -0.035 -2.861 -1.000
-0.299 -0.206 0.001 -0.035 -2.965 -0.677
-0.299 -0.206 0.001 -0.035 -2.965 -0.677
-0.268 -0.207 -0.000 -0.036 -2.866 -0.443
-0.268 -0.208 -0.001 -0.037 -2.662 -0.530
-0.235 -0.199 0.001 -0.038 -2.954 -0.181
-0.235 -0.199 0.001 -0.038 -2.954 -0.181
-0.235 -0.193 0.003 -0.038 -3.245 0.169
-0.232 -0.188 0.000 -0.041 -3.069 -0.000
-0.257 -0.195 -0.000 -0.046 -2.677 -0.132
-0.257 -0.195 -0.000 -0.046 -2.677 -0.132
-0.257 -0.201 -0.001 -0.051 -2.462 -0.094
-0.273 -0.216 0.007 -0.056 -2.539 -0.386
-0.273 -0.216 0.007 -0.056 -2.539 -0.386
-0.219 -0.225 0.010 -0.059 -3.168 -0.763
-0.148 -0.235 0.013 -0.061 -3.561 -0.347
-0.148 -0.235 0.012 -0.060 -3.402 0.154
-0.148 -0.235 0.012 -0.060 -3.402 0.154
-0.154 -0.238 0.015 -0.061 -3.204 -0.343
-0.154 -0.240 0.016 -0.061 -3.005 -0.839
-0.132 -0.242 0.018 -0.061 -2.671 -0.821
-0.132 -0.242 0.018 -0.061 -2.671 -0.821
-0.161 -0.242 0.019 -0.061 -2.465 -0.040
-0.161 -0.241 0.020 -0.061 -2.594 0.722
-0.179 -0.237 0.023 -0.062 -2.985 0.254
-0.179 -0.237 0.023 -0.062 -2.985 0.254
-0.226 -0.231 0.024 -0.064 -3.290 -0.466
-0.226 -0.226 0.025 -0.065 -3.205 -0.719
-0.238 -0.215 0.025 -0.066 -2.935 -0.601
-0.238 -0.215 0.025 -0.066 -2.935 -0.601
-0.262 -0.206 0.028 -0.067 -3.253 -0.875
-0.262 -0.198 0.032 -0.067 -3.841 -1.267
-0.297 -0.194 0.036 -0.067 -3.921 -1.626
-0.297 -0.194 0.036 -0.067 -3.921 -1.626
-0.297 -0.191 0.036 -0.066 -4.000 -1.985
-0.209 -0.185 0.035 -0.065 -3.483 -2.166
0.282 -0.175 0.036 -0.064 -3.483 -0.884
0.282 -0.175 0.036 -0.064 -3.483 -0.884
0.282 -0.165 0.036 -0.063 -4.000 0.580
0.145 -0.151 0.036 -0.062 -4.000 0.322
0.145 -0.151 0.036 -0.062 -4.000 0.322
-0.252 -0.140 0.039 -0.059 -3.732 -0.901
-0.252 -0.128 0.041 -0.056 -3.464 -1.866
-0.311 -0.120 0.039 -0.054 -3.387 -1.815
-0.311 -0.120 0.039 -0.054 -3.387 -1.815
-0.318 -0.116 0.035 -0.052 -3.349 -1.375
-0.318 -0.112 0.031 -0.051 -3.386 -0.986
-0.318 -0.112 0.031 -0.051 -3.386 -0.986
-0.277 -0.106 0.030 -0.047 -3.294 -1.280
-0.277 -0.101 0.028 -0.045 -3.202 -1.574
-0.269 -0.098 0.025 -0.039 -3.079 -1.320
-0.277 -0.097 0.023 -0.035 -2.995 -1.208
-0.277 -0.097 0.023 -0.035 -2.995 -1.208
-0.277 -0.097 0.020 -0.030 -3.033 -1.351
-0.289 -0.096 0.021 -0.026 -2.690 -1.217
-0.289 -0.096 0.021 -0.026 -2.690 -1.217
-0.334 -0.097 0.022 -0.020 -2.419 -1.014
-0.334 -0.097 0.022 -0.014 -2.492 -0.944
-0.295 -0.091 0.022 -0.011 -2.425 -1.290
-0.295 -0.091 0.022 -0.011 -2.425 -1.290
-0.325 -0.088 0.023 -0.010 -2.531 -1.683
-0.325 -0.085 0.023 -0.009 -2.705 -1.729
-0.325 -0.085 0.023 -0.009 -2.705 -1.729
-0.274 -0.090 0.025 -0.009 -2.313 -1.782
-0.270 -0.090 0.025 -0.007 -1.897 -1.766
-0.270 -0.089 0.026 -0.005 -1.874 -1.698
-0.257 -0.091 0.027 -0.004 -1.892 -1.825
-0.257 -0.091 0.027 -0.004 -1.892 -1.825
-0.257 -0.095 0.029 -0.005 -1.910 -1.953
-0.257 -0.095 0.030 -0.005 -1.787 -2.067
-0.253 -0.091 0.027 -0.004 -1.859 -2.198
-0.253 -0.091 0.027 -0.004 -1.859 -2.198
-0.253 -0.087 0.024 -0.003 -2.055 -2.214
-0.297 -0.088 0.023 -0.003 -2.103 -2.372
-0.297 -0.088 0.023 -0.003 -2.103 -2.372
-0.280 -0.088 0.023 -0.003 -1.941 -2.226
-0.280 -0.087 0.023 -0.003 -1.731 -1.921
-0.294 -0.086 0.025 -0.002 -1.954 -1.873
-0.294 -0.086 0.025 -0.002 -1.954 -1.873
-0.302 -0.085 0.028 -0.002 -2.027 -1.834
-0.302 -0.083 0.031 -0.001 -1.878 -1.843
-0.302 -0.083 0.031 -0.001 -1.878 -1.843
-0.297 -0.083 0.029 -0.001 -2.116 -1.876
-0.293 -0.085 0.026 -0.002 -2.249 -1.914
-0.293 -0.086 0.022 -0.003 -2.144 -1.920
-0.293 -0.086 0.022 -0.003 -2.144 -1.920
-0.334 -0.086 0.022 -0.004 -2.408 -1.952
-0.281 -0.085 0.021 -0.006 -2.726 -1.866
-0.281 -0.084 0.020 -0.008 -2.781 -1.748
-0.281 -0.084 0.020 -0.008 -2.781 -1.748
-0.276 -0.081 0.020 -0.009 -2.926 -1.543
-0.276 -0.081 0.022 -0.009 -3.071 -1.338
-0.276 -0.081 0.022 -0.009 -3.071 -1.338
-0.303 -0.083 0.022 -0.008 -3.003 -1.530
-0.316 -0.084 0.020 -0.008 -2.910 -1.557
-0.316 -0.085 0.019 -0.008 -2.884 -1.391
-0.316 -0.085 0.019 -0.008 -2.884 -1.391
-0.311 -0.082 0.022 -0.008 -3.088 -1.280
-0.309 -0.080 0.021 -0.008 -3.032 -1.493
-0.309 -0.078 0.020 -0.008 -2.771 -1.816
-0.309 -0.078 0.020 -0.008 -2.771 -1.816
-0.309 -0.077 0.019 -0.009 -2.898 -1.914
-0.317 -0.079 0.020 -0.011 -3.106 -2.084
-0.317 -0.081 0.021 -0.013 -3.188 -2.156
-0.317 -0.081 0.021 -0.013 -3.188 -2.156
-0.311 -0.082 0.021 -0.015 -2.991 -2.312
-0.311 -0.081 0.022 -0.015 -2.794 -2.468
-0.340 -0.080 0.023 -0.017 -2.961 -2.295
-0.340 -0.080 0.023 -0.017 -2.961 -2.295
-0.325 -0.079 0.023 -0.019 -3.206 -2.309
-0.325 -0.077 0.022 -0.022 -3.284 -2.496
-0.325 -0.077 0.022 -0.022 -3.284 -2.496
-0.337 -0.074 0.018 -0.020 -2.909 -2.149
-0.354 -0.074 0.015 -0.021 -2.726 -1.987
-0.354 -0.074 0.012 -0.022 -2.917 -2.171
-0.354 -0.074 0.012 -0.022 -2.917 -2.171
-0.355 -0.072 0.016 -0.025 -2.743 -2.087
-0.364 -0.071 0.015 -0.027 -2.915 -2.184
-0.364 -0.069 0.015 -0.028 -3.261 -2.366
-0.364 -0.069 0.015 -0.028 -3.261 -2.366
-0.354 -0.070 0.014 -0.029 -2.948 -2.145
-0.356 -0.071 0.016 -0.029 -2.631 -2.262
-0.356 -0.073 0.017 -0.029 -2.626 -2.601
-0.356 -0.073 0.017 -0.029 -2.626 -2.601
-0.345 -0.071 0.015 -0.029 -2.700 -2.680
-0.322 -0.069 0.011 -0.030 -2.836 -2.199
-0.322 -0.069 0.011 -0.030 -2.836 -2.199
-0.322 -0.068 0.007 -0.031 -2.898 -1.639
-0.322 -0.068 0.007 -0.031 -2.898 -1.639
-0.339 -0.069 0.009 -0.031 -2.979 -1.578
-0.333 -0.068 0.011 -0.032 -2.694 -1.871
-0.333 -0.067 0.013 -0.032 -2.328 -2.226
-0.330 -0.067 0.013 -0.033 -2.568 -2.023
-0.330 -0.067 0.013 -0.033 -2.568 -2.023
-0.330 -0.068 0.013 -0.032 -2.808 -1.819
-0.338 -0.066 0.013 -0.032 -2.834 -1.640
-0.338 -0.066 0.013 -0.032 -2.834 -1.640
-0.346 -0.068 0.015 -0.035 -2.939 -1.463
-0.346 -0.070 0.017 -0.038 -3.018 -1.464
-0.337 -0.069 0.015 -0.040 -3.142 -1.655
-0.326 -0.069 0.009 -0.042 -3.371 -1.993
-0.326 -0.069 0.009 -0.042 -3.371 -1.993
-0.326 -0.069 0.004 -0.044 -3.476 -2.141
-0.321 -0.073 0.002 -0.048 -3.568 -2.175
-0.333 -0.078 -0.002 -0.052 -3.539 -1.956
-0.333 -0.078 -0.002 -0.052 -3.539 -1.956
-0.333 -0.082 -0.006 -0.056 -3.419 -1.703
-0.307 -0.084 -0.010 -0.060 -3.710 -1.716
-0.307 -0.083 -0.012 -0.062 -4.000 -1.730
-0.307 -0.083 -0.012 -0.062 -4.000 -1.730
-0.311 -0.080 -0.018 -0.065 -4.000 -1.848
-0.283 -0.076 -0.028 -0.068 -3.521 -1.769
-0.283 -0.076 -0.028 -0.068 -3.521 -1.769
-0.173 -0.065 -0.049 -0.073 -2.899 -1.228
-0.173 -0.065 -0.049 -0.073 -2.899 -1.228
-0.282 -0.060 -0.052 -0.073 -2.756 -0.885
-0.259 -0.057 -0.059 -0.076 -2.666 -0.482
-0.259 -0.057 -0.059 -0.076 -2.666 -0.482
-0.323 -0.062 -0.063 -0.078 -2.448 -0.223
-0.323 -0.062 -0.063 -0.078 -2.448 -0.223
-0.138 -0.067 -0.071 -0.080 -2.296 -0.428
-0.138 -0.067 -0.071 -0.080 -2.296 -0.428
-0.308 -0.068 -0.073 -0.081 -2.524 -0.391
-0.308 -0.071 -0.074 -0.081 -2.752 -0.354
-0.320 -0.075 -0.074 -0.081 -2.899 -0.276
-0.320 -0.075 -0.074 -0.081 -2.899 -0.276
-0.258 -0.073 -0.074 -0.080 -3.105 -0.522
-0.258 -0.071 -0.074 -0.080 -3.165 -0.846
0.218 -0.074 -0.071 -0.079 -3.331 -1.026
0.266 -0.080 -0.069 -0.078 -3.749 -0.567
0.266 -0.080 -0.069 -0.078 -3.749 -0.567
0.266 -0.087 -0.066 -0.078 -4.000 0.072
0.235 -0.086 -0.066 -0.077 -4.000 0.255
-0.210 -0.084 -0.065 -0.074 -3.872 0.205
-0.210 -0.081 -0.064 -0.071 -3.744 -0.027
-0.210 -0.081 -0.064 -0.071 -3.744 -0.027
-0.214 -0.078 -0.064 -0.069 -3.463 -0.138
-0.214 -0.078 -0.064 -0.069 -3.463 -0.138
-0.214 -0.077 -0.063 -0.068 -3.182 -0.250
-0.233 -0.078 -0.058 -0.068 -3.097 -0.077
-0.233 -0.078 -0.058 -0.068 -3.097 -0.077
-0.252 -0.078 -0.057 -0.070 -3.175 -0.502
-0.252 -0.078 -0.055 -0.071 -3.338 -1.098
-0.257 -0.075 -0.055 -0.070 -3.246 -0.776
-0.244 -0.075 -0.051 -0.068 -2.969 -0.239
-0.244 -0.075 -0.051 -0.068 -2.969 -0.239
-0.244 -0.075 -0.047 -0.065 -2.785 -0.025
-0.264 -0.075 -0.047 -0.065 -2.634 -0.389
-0.264 -0.075 -0.047 -0.065 -2.634 -0.389
-0.225 -0.077 -0.043 -0.062 -2.913 -0.654
-0.225 -0.079 -0.040 -0.060 -3.343 -0.556
-0.225 -0.079 -0.040 -0.060 -3.343 -0.556
-0.218 -0.080 -0.036 -0.057 -3.424 -0.267
-0.218 -0.078 -0.036 -0.056 -3.504 0.021
-0.252 -0.077 -0.038 -0.056 -3.176 -0.316
-0.257 -0.080 -0.036 -0.057 -2.884 -0.514
-0.257 -0.080 -0.036 -0.057 -2.884 -0.514
-0.257 -0.083 -0.034 -0.057 -2.919 -0.376
-0.268 -0.083 -0.032 -0.054 -3.082 -1.023
-0.256 -0.083 -0.031 -0.053 -3.622 -1.637
-0.256 -0.083 -0.031 -0.053 -3.622 -1.637
-0.256 -0.083 -0.030 -0.051 -4.000 -1.602
-0.295 -0.084 -0.024 -0.052 -3.604 -1.182
-0.295 -0.084 -0.024 -0.052 -3.604 -1.182
-0.295 -0.083 -0.023 -0.052 -3.208 -0.761
-0.296 -0.079 -0.019 -0.051 -3.307 -0.904
-0.312 -0.075 -0.015 -0.047 -3.461 -1.091
-0.312 -0.075 -0.015 -0.047 -3.461 -1.091
-0.312 -0.071 -0.011 -0.043 -3.518 -1.136
-0.295 -0.069 -0.006 -0.037 -3.464 -1.123
-0.333 -0.063 -0.002 -0.032 -3.369 -1.064
-0.333 -0.063 -0.002 -0.032 -3.369 -1.064
-0.343 -0.054 0.002 -0.027 -3.340 -1.288
-0.343 -0.046 0.003 -0.024 -3.351 -1.558
-0.343 -0.046 0.003 -0.024 -3.351 -1.558
-0.345 -0.042 0.002 -0.024 -2.903 -1.447
-0.331 -0.040 0.001 -0.023 -2.922 -1.394
-0.331 -0.037 -0.000 -0.022 -3.389 -1.452
-0.331 -0.037 -0.000 -0.022 -3.389 -1.452
-0.371 -0.032 0.004 -0.022 -3.223 -1.432
-0.294 -0.031 0.010 -0.021 -3.353 -1.125
-0.294 -0.029 0.015 -0.021 -3.649 -0.836
-0.294 -0.029 0.015 -0.021 -3.649 -0.836
-0.314 -0.026 0.018 -0.019 -3.521 -1.351
-0.350 -0.025 0.018 -0.018 -3.442 -1.634
-0.350 -0.024 0.018 -0.018 -3.491 -1.402
-0.350 -0.024 0.018 -0.018 -3.491 -1.402
-0.294 -0.027 0.020 -0.020 -3.392 -1.388
-0.259 -0.025 0.024 -0.021 -3.327 -1.272
-0.259 -0.023 0.027 -0.022 -3.361 -1.170
-0.259 -0.023 0.027 -0.022 -3.361 -1.170
-0.315 -0.021 0.029 -0.023 -2.963 -1.132
-0.315 -0.020 0.030 -0.025 -2.566 -1.094
-0.315 -0.020 0.030 -0.025 -2.566 -1.094
-0.335 -0.020 0.031 -0.025 -2.654 -1.140
-0.323 -0.021 0.032 -0.026 -2.516 -1.491
-0.323 -0.021 0.034 -0.027 -2.291 -1.794
-0.323 -0.021 0.034 -0.027 -2.291 -1.794
-0.314 -0.020 0.036 -0.029 -2.547 -1.553
-0.300 -0.021 0.037 -0.029 -3.070 -1.603
-0.300 -0.021 0.037 -0.029 -3.070 -1.603
-0.300 -0.022 0.039 -0.030 -3.338 -1.894
-0.356 -0.024 0.041 -0.032 -3.282 -2.168
-0.351 -0.022 0.040 -0.032 -2.959 -2.238
-0.351 -0.020 0.039 -0.033 -2.692 -2.035
-0.340 -0.020 0.038 -0.033 -2.654 -1.901
-0.340 -0.020 0.038 -0.033 -2.654 -1.901
-0.340 -0.022 0.039 -0.033 -2.616 -1.767
-0.340 -0.022 0.039 -0.033 -2.616 -1.767
-0.335 -0.020 0.039 -0.035 -2.687 -1.844
-0.339 -0.019 0.040 -0.037 -3.233 -2.149
-0.339 -0.017 0.040 -0.039 -3.707 -2.379
-0.339 -0.017 0.040 -0.039 -3.707 -2.379
-0.303 -0.022 0.042 -0.041 -3.427 -2.182
-0.325 -0.020 0.044 -0.042 -3.258 -2.085
-0.325 -0.020 0.044 -0.042 -3.258 -2.085
-0.325 -0.019 0.047 -0.044 -3.369 -2.184
-0.324 -0.017 0.050 -0.045 -3.245 -2.145
-0.327 -0.020 0.054 -0.047 -3.542 -2.114
-0.327 -0.020 0.054 -0.047 -3.542 -2.114
-0.327 -0.024 0.058 -0.048 -3.963 -2.123
-0.314 -0.028 0.057 -0.050 -3.769 -2.142
-0.314 -0.032 0.053 -0.052 -3.575 -2.160
-0.314 -0.032 0.053 -0.052 -3.575 -2.160
-0.298 -0.035 0.048 -0.054 -3.460 -2.043
-0.319 -0.036 0.048 -0.057 -3.499 -1.946
-0.319 -0.037 0.048 -0.059 -3.653 -1.967
-0.306 -0.041 0.046 -0.062 -3.827 -1.866
-0.306 -0.041 0.046 -0.062 -3.827 -1.866
-0.305 -0.052 0.044 -0.063 -4.000 -1.507
-0.305 -0.063 0.041 -0.063 -4.000 -1.250
-0.305 -0.063 0.041 -0.063 -4.000 -1.250
-0.280 -0.073 0.040 -0.062 -3.996 -1.328
-0.259 -0.081 0.040 -0.064 -3.996 -1.205
-0.259 -0.088 0.039 -0.065 -4.000 -1.004
-0.259 -0.088 0.039 -0.065 -4.000 -1.004
-0.315 -0.088 0.039 -0.066 -4.000 -1.009
-0.315 -0.083 0.039 -0.066 -4.000 -1.015
-0.315 -0.083 0.039 -0.066 -4.000 -1.015
-0.273 -0.079 0.041 -0.068 -4.000 -1.143
-0.298 -0.082 0.042 -0.069 -4.000 -1.067
-0.298 -0.086 0.043 -0.071 -4.000 -0.863
-0.298 -0.086 0.043 -0.071 -4.000 -0.863
-0.257 -0.088 0.044 -0.073 -4.000 -1.062
-0.234 -0.090 0.044 -0.075 -3.947 -1.018
-0.234 -0.090 0.044 -0.075 -3.947 -1.018
-0.291 -0.096 0.050 -0.077 -3.947 -1.118
-0.291 -0.103 0.054 -0.077 -4.000 -1.463
-0.267 -0.099 0.054 -0.078 -4.000 -1.245
-0.267 -0.099 0.054 -0.078 -4.000 -1.245
-0.267 -0.091 0.049 -0.078 -4.000 -1.028
-0.243 -0.084 0.042 -0.078 -3.930 -1.058
-0.248 -0.085 0.044 -0.078 -3.719 -1.006
-0.248 -0.085 0.044 -0.078 -3.719 -1.006
-0.248 -0.087 0.046 -0.077 -3.579 -0.924
-0.211 -0.088 0.051 -0.076 -2.974 -1.086
-0.116 -0.092 0.053 -0.074 -2.591 -1.174
-0.116 -0.095 0.056 -0.072 -2.813 -1.101
-0.116 -0.095 0.056 -0.072 -2.813 -1.101
0.221 -0.099 0.056 -0.071 -3.406 -0.627
0.221 -0.099 0.054 -0.071 -4.000 -0.153
0.221 -0.099 0.054 -0.071 -4.000 -0.153
-0.032 -0.101 0.056 -0.072 -3.643 -0.139
-0.115 -0.103 0.058 -0.073 -3.130 -0.074
-0.115 -0.105 0.060 -0.074 -2.974 -0.023
-0.126 -0.105 0.057 -0.074 -2.769 -0.089
-0.126 -0.105 0.057 -0.074 -2.769 -0.089
-0.126 -0.104 0.055 -0.074 -2.564 -0.156
0.105 -0.111 0.052 -0.071 -3.282 -0.576
0.105 -0.111 0.052 -0.071 -3.282 -0.576
0.176 -0.113 0.052 -0.070 -4.000 0.090
0.019 -0.114 0.055 -0.067 -3.721 -0.004
0.019 -0.114 0.055 -0.067 -3.721 -0.004
0.019 -0.106 0.058 -0.067 -3.443 -1.183
-0.159 -0.098 0.056 -0.067 -3.032 -0.813
-0.159 -0.098 0.056 -0.067 -3.032 -0.813
-0.193 -0.095 0.052 -0.066 -3.311 -0.842
-0.193 -0.091 0.048 -0.066 -4.000 -1.241
-0.256 -0.095 0.047 -0.065 -3.846 -1.278
-0.256 -0.095 0.047 -0.065 -3.846 -1.278
-0.256 -0.097 0.045 -0.065 -3.692 -1.314
-0.273 -0.097 0.042 -0.063 -3.846 -1.541
-0.254 -0.096 0.042 -0.060 -3.924 -1.790
-0.254 -0.096 0.042 -0.060 -3.924 -1.790
-0.254 -0.095 0.043 -0.058 -3.848 -1.812
-0.254 -0.096 0.044 -0.057 -3.848 -1.812
-0.225 -0.099 0.045 -0.058 -3.924 -1.161
-0.225 -0.099 0.045 -0.058 -3.924 -1.161
-0.225 -0.102 0.047 -0.058 -4.000 -0.509
-0.268 -0.103 0.047 -0.059 -3.825 -1.017
-0.266 -0.100 0.045 -0.057 -3.825 -1.652
-0.266 -0.100 0.045 -0.057 -3.825 -1.652
-0.266 -0.096 0.042 -0.056 -4.000 -1.779
-0.277 -0.095 0.042 -0.055 -4.000 -1.800
-0.277 -0.095 0.042 -0.055 -4.000 -1.800
-0.277 -0.096 0.043 -0.055 -4.000 -1.822
-0.261 -0.096 0.045 -0.055 -4.000 -1.718
-0.217 -0.097 0.045 -0.055 -3.420 -0.947
-0.217 -0.097 0.045 -0.055 -3.420 -0.947
-0.217 -0.098 0.045 -0.056 -2.840 -0.280
-0.233 -0.098 0.044 -0.056 -2.907 -0.247
-0.265 -0.098 0.045 -0.056 -3.419 -0.433
-0.265 -0.098 0.045 -0.056 -3.419 -0.433
-0.265 -0.098 0.046 -0.056 -3.865 -0.652
-0.233 -0.097 0.045 -0.055 -3.627 -0.462
-0.240 -0.097 0.043 -0.053 -3.230 -0.372
-0.240 -0.097 0.043 -0.053 -3.230 -0.372
-0.240 -0.097 0.041 -0.052 -3.070 -0.471
-0.203 -0.097 0.044 -0.050 -2.908 -0.116
-0.203 -0.095 0.047 -0.049 -2.746 0.239
-0.203 -0.095 0.047 -0.049 -2.746 0.239
-0.223 -0.094 0.051 -0.046 -2.949 -0.064
-0.233 -0.093 0.054 -0.044 -3.368 -0.410
-0.233 -0.092 0.057 -0.042 -3.584 -0.454
-0.233 -0.092 0.057 -0.042 -3.584 -0.454
-0.240 -0.094 0.062 -0.042 -3.331 -0.843
-0.217 -0.100 0.068 -0.041 -3.338 -0.857
-0.217 -0.105 0.074 -0.040 -3.598 -0.481
-0.217 -0.105 0.074 -0.040 -3.598 -0.481
-0.200 -0.107 0.080 -0.038 -3.490 -0.759
-0.200 -0.107 0.081 -0.037 -3.383 -1.037
-0.233 -0.108 0.086 -0.035 -3.100 -1.436
-0.233 -0.108 0.086 -0.035 -3.100 -1.436
-0.278 -0.105 0.093 -0.032 -2.659 -1.943
-0.278 -0.102 0.101 -0.029 -2.500 -2.051
-0.278 -0.102 0.101 -0.029 -2.500 -2.051
-0.336 -0.093 0.108 -0.026 -2.520 -2.600
-0.302 -0.085 0.116 -0.024 -2.558 -3.095
-0.302 -0.077 0.124 -0.022 -2.576 -3.041
-0.302 -0.077 0.124 -0.022 -2.576 -3.041
-0.297 -0.075 0.134 -0.022 -2.643 -3.043
-0.269 -0.076 0.139 -0.024 -3.027 -2.480
-0.269 -0.076 0.139 -0.024 -3.027 -2.480
-0.319 -0.076 0.141 -0.026 -3.284 -2.084
-0.319 -0.076 0.140 -0.028 -3.222 -2.252
-0.314 -0.072 0.139 -0.029 -3.525 -2.740
-0.314 -0.072 0.139 -0.029 -3.525 -2.740
-0.314 -0.069 0.141 -0.029 -3.829 -3.228
-0.314 -0.069 0.141 -0.029 -3.829 -3.228
-0.315 -0.066 0.143 -0.030 -3.838 -2.743
-0.333 -0.067 0.140 -0.030 -3.489 -2.243
-0.333 -0.068 0.137 -0.031 -3.131 -2.228
-0.279 -0.073 0.131 -0.033 -3.129 -1.919
-0.279 -0.073 0.131 -0.033 -3.129 -1.919
-0.290 -0.077 0.123 -0.033 -2.975 -2.037
-0.290 -0.082 0.116 -0.033 -2.825 -2.464
-0.290 -0.082 0.116 -0.033 -2.825 -2.464
-0.306 -0.080 0.106 -0.034 -3.168 -2.251
-0.296 -0.079 0.093 -0.037 -3.479 -1.750
-0.296 -0.079 0.093 -0.037 -3.479 -1.750
-0.296 -0.079 0.080 -0.041 -3.446 -1.461
-0.251 -0.083 0.068 -0.044 -3.467 -1.230
-0.256 -0.080 0.054 -0.047 -3.393 -1.336
-0.256 -0.080 0.054 -0.047 -3.393 -1.336
-0.256 -0.077 0.040 -0.051 -3.297 -1.673
-0.260 -0.071 0.026 -0.055 -3.003 -1.754
-0.260 -0.071 0.026 -0.055 -3.003 -1.754
-0.320 -0.067 0.012 -0.055 -2.945 -1.900
-0.320 -0.063 -0.001 -0.056 -3.182 -1.966
-0.284 -0.065 -0.023 -0.059 -3.048 -1.292
-0.280 -0.055 -0.042 -0.064 -2.900 -0.751
-0.280 -0.055 -0.042 -0.064 -2.900 -0.751
-0.280 -0.045 -0.061 -0.069 -2.886 -0.885
-0.324 -0.034 -0.073 -0.073 -3.081 -1.106
-0.324 -0.034 -0.073 -0.073 -3.081 -1.106
-0.324 -0.036 -0.082 -0.074 -3.277 -1.328
-0.323 -0.031 -0.094 -0.075 -3.351 -1.593
-0.120 -0.021 -0.101 -0.073 -2.949 -1.675
-0.120 -0.021 -0.101 -0.073 -2.949 -1.675
-0.120 -0.010 -0.107 -0.072 -2.472 -1.492
0.225 -0.008 -0.111 -0.071 -2.826 -0.330
0.225 -0.008 -0.111 -0.071 -2.826 -0.330
-0.143 -0.010 -0.114 -0.071 -3.590 0.652
-0.143 -0.013 -0.117 -0.071 -4.000 0.472
-0.240 -0.014 -0.118 -0.072 -3.573 0.139
-0.240 -0.014 -0.118 -0.072 -3.573 0.139
-0.267 -0.013 -0.117 -0.073 -3.351 -0.355
-0.267 -0.012 -0.117 -0.074 -3.554 -0.515
-0.269 -0.012 -0.114 -0.075 -3.543 -0.973
-0.269 -0.013 -0.113 -0.077 -3.531 -1.432
-0.269 -0.013 -0.113 -0.077 -3.531 -1.432
-0.291 -0.012 -0.113 -0.077 -3.413 -1.145
-0.272 -0.012 -0.116 -0.079 -3.286 -0.969
-0.272 -0.012 -0.116 -0.079 -3.286 -0.969
-0.272 -0.012 -0.119 -0.080 -3.276 -1.080
-0.250 -0.010 -0.121 -0.081 -3.141 -0.991
0.008 -0.005 -0.119 -0.080 -3.396 -0.583
0.008 -0.000 -0.117 -0.080 -3.787 -0.265
0.008 -0.000 -0.117 -0.080 -3.787 -0.265
0.067 -0.000 -0.115 -0.081 -3.712 -0.622
0.262 -0.003 -0.116 -0.082 -3.818 -0.315
0.262 -0.003 -0.116 -0.082 -3.818 -0.315
0.262 -0.007 -0.117 -0.083 -4.000 0.349
-0.112 -0.009 -0.119 -0.084 -3.186 0.163
-0.112 -0.008 -0.119 -0.085 -2.371 -0.023
-0.112 -0.008 -0.119 -0.085 -2.371 -0.023
-0.214 -0.010 -0.120 -0.087 -2.634 -0.340
-0.263 -0.012 -0.119 -0.087 -2.782 -0.592
-0.263 -0.014 -0.118 -0.086 -2.666 -0.527
-0.263 -0.014 -0.118 -0.086 -2.666 -0.527
-0.246 -0.013 -0.113 -0.086 -2.567 -0.546
-0.256 -0.014 -0.109 -0.086 -2.280 -0.363
-0.256 -0.014 -0.109 -0.086 -2.280 -0.363
-0.256 -0.014 -0.104 -0.086 -2.091 -0.162
-0.221 -0.022 -0.103 -0.086 -2.130 -0.304
-0.025 -0.036 -0.101 -0.086 -3.078 -0.568
-0.025 -0.036 -0.101 -0.086 -3.078 -0.568
-0.025 -0.051 -0.098 -0.085 -3.988 -0.690
0.324 -0.064 -0.091 -0.083 -3.994 -1.396
0.324 -0.064 -0.091 -0.083 -3.994 -1.396
0.338 -0.077 -0.085 -0.080 -4.000 -1.350
0.338 -0.090 -0.080 -0.076 -4.000 -0.598
0.259 -0.099 -0.067 -0.070 -4.000 -0.576
0.259 -0.099 -0.067 -0.070 -4.000 -0.576
-0.140 -0.106 -0.056 -0.064 -3.851 -0.694
-0.140 -0.113 -0.044 -0.058 -3.703 -0.835
-0.188 -0.124 -0.032 -0.056 -3.611 -1.156
-0.188 -0.130 -0.023 -0.057 -3.520 -1.478
-0.188 -0.130 -0.023 -0.057 -3.520 -1.478
-0.249 -0.138 -0.011 -0.056 -3.269 -1.383
-0.236 -0.140 -0.007 -0.053 -2.687 -1.158
-0.236 -0.140 -0.007 -0.053 -2.687 -1.158
-0.236 -0.142 -0.002 -0.049 -2.354 -1.026
-0.245 -0.145 0.003 -0.046 -2.664 -1.313
-0.245 -0.148 0.007 -0.044 -2.973 -1.601
-0.207 -0.149 0.009 -0.040 -2.897 -1.567
-0.207 -0.149 0.009 -0.040 -2.897 -1.567
-0.230 -0.147 0.011 -0.036 -2.679 -2.167
-0.230 -0.146 0.013 -0.031 -2.538 -2.801
-0.230 -0.146 0.013 -0.031 -2.538 -2.801
0.193 -0.146 0.017 -0.027 -3.269 -1.879
-0.001 -0.145 0.020 -0.023 -3.996 -0.819
-0.001 -0.144 0.023 -0.019 -3.992 -0.683
-0.001 -0.144 0.023 -0.019 -3.992 -0.683
-0.160 -0.139 0.026 -0.015 -3.510 -1.395
-0.160 -0.139 0.026 -0.015 -3.510 -1.395
-0.258 -0.137 0.030 -0.012 -2.878 -2.564
-0.258 -0.135 0.034 -0.008 -2.729 -3.022
-0.264 -0.134 0.037 -0.005 -2.250 -2.519
-0.329 -0.130 0.037 -0.002 -1.795 -1.999
-0.329 -0.130 0.037 -0.002 -1.795 -1.999
-0.329 -0.127 0.037 0.001 -1.818 -1.981
-0.325 -0.123 0.035 0.007 -1.631 -1.778
-0.342 -0.119 0.035 0.015 -1.495 -1.648
-0.342 -0.119 0.035 0.015 -1.495 -1.648
-0.342 -0.115 0.034 0.022 -1.547 -1.721
-0.357 -0.111 0.037 0.028 -2.094 -1.910
-0.357 -0.111 0.037 0.028 -2.094 -1.910
-0.323 -0.111 0.040 0.032 -2.479 -2.063
-0.323 -0.111 0.043 0.036 -2.317 -2.028
-0.294 -0.110 0.043 0.038 -2.277 -1.682
-0.294 -0.110 0.043 0.038 -2.277 -1.682
-0.294 -0.106 0.042 0.039 -2.237 -1.335
-0.320 -0.105 0.040 0.040 -2.355 -1.464
